49.88715	1
62.35893	0.99979
74.83072	0.99957
87.30251	0.99934
99.77429	0.99909
112.2461	0.99883
124.7179	0.99855
137.1897	0.99827
149.6614	0.99799
162.1332	0.99768
174.605	0.99738
187.0768	0.99706
199.5486	0.99674
212.0204	0.9964
224.4922	0.99607
236.9639	0.99573
249.4357	0.99537
261.9075	0.99503
274.3793	0.99466
286.8511	0.99431
299.3229	0.99395
311.7947	0.99358
324.2665	0.99321
336.7383	0.99285
349.2101	0.99248
361.6819	0.99211
374.1537	0.99174
386.6255	0.99138
399.0974	0.99101
411.5692	0.99065
424.041	0.9903
436.5128	0.98994
448.9846	0.98959
461.4564	0.98924
473.9282	0.98891
486.4	0.98858
498.8718	0.98825
511.3436	0.98793
523.8154	0.98763
536.2872	0.98732
548.759	0.98703
561.2308	0.98674
573.7026	0.98647
586.1744	0.98621
598.6462	0.98596
611.118	0.98572
623.5898	0.98549
636.0616	0.98527
648.5334	0.98508
661.0052	0.98488
673.477	0.98472
685.9488	0.98456
698.4206	0.98441
710.8924	0.98428
723.3642	0.98416
735.836	0.98404
748.3078	0.98394
760.7796	0.98387
773.2514	0.9838
785.7232	0.98373
798.195	0.98369
810.6668	0.98365
823.1386	0.98362
835.6104	0.98361
848.0822	0.98361
860.554	0.98362
873.0258	0.98364
885.4976	0.98367
897.9694	0.98371
910.4412	0.98376
922.913	0.98382
935.3848	0.9839
947.8566	0.98398
960.3284	0.98407
972.8002	0.98418
985.272	0.98429
997.7438	0.98441
1010.216	0.98454
1022.687	0.98468
1035.159	0.98482
1047.631	0.98498
1060.103	0.98515
1072.575	0.98532
1085.046	0.98551
1097.518	0.9857
1109.99	0.9859
1122.462	0.98611
1134.934	0.98633
1147.405	0.98655
1159.877	0.98678
1172.349	0.98701
1184.821	0.98726
1197.293	0.98752
1209.764	0.98777
1222.236	0.98805
1234.708	0.98831
1247.18	0.9886
1259.652	0.98888
1272.123	0.98917
1284.595	0.98946
1297.067	0.98977
1309.539	0.99008
1322.011	0.9904
1334.482	0.99072
1346.954	0.99104
1359.426	0.99138
1371.898	0.99171
1384.37	0.99205
1396.841	0.99239
1409.313	0.99274
1421.785	0.99311
1434.257	0.99346
1446.729	0.99382
1459.2	0.99419
1471.672	0.99456
1484.144	0.99494
1496.616	0.99531
1509.088	0.99569
1521.559	0.99608
1534.031	0.99646
1546.503	0.99686
1558.975	0.99724
1571.447	0.99763
1583.918	0.99804
1596.39	0.99844
1608.862	0.99884
1621.334	0.99924
1633.806	0.99965
1646.277	1.00006
1658.749	1.00047
1671.221	1.00088
1683.693	1.00129
1696.165	1.0017
1708.636	1.00212
1721.108	1.00253
1733.58	1.00295
1746.052	1.00336
1758.524	1.00378
1770.995	1.00419
1783.467	1.00461
1795.939	1.00503
1808.411	1.00544
1820.883	1.00585
1833.354	1.00626
1845.826	1.00668
1858.298	1.0071
1870.77	1.0075
1883.242	1.00791
1895.714	1.00833
1908.185	1.00873
1920.657	1.00913
1933.129	1.00954
1945.601	1.00994
1958.073	1.01034
1970.544	1.01074
1983.016	1.01114
1995.488	1.01152
2007.96	1.01191
2020.432	1.01231
2032.903	1.01269
2045.375	1.01306
2057.847	1.01344
2070.319	1.01381
2082.79	1.01418
2095.262	1.01454
2107.734	1.01491
2120.205	1.01527
2132.677	1.01562
2145.149	1.01597
2157.62	1.01631
2170.092	1.01665
2182.564	1.01698
2195.035	1.01731
2207.507	1.01764
2219.979	1.01795
2232.45	1.01827
2244.922	1.01856
2257.394	1.01886
2269.865	1.01916
2282.337	1.01945
2294.809	1.01973
2307.281	1.02001
2319.752	1.02028
2332.224	1.02054
2344.696	1.02079
2357.167	1.02103
2369.639	1.02128
2382.111	1.0215
2394.582	1.02173
2407.054	1.02194
2419.526	1.02216
2431.997	1.02235
2444.469	1.02255
2456.941	1.02274
2469.412	1.0229
2481.884	1.02308
2494.356	1.02324
2506.827	1.02338
2519.299	1.02353
2531.771	1.02365
2544.242	1.02377
2556.714	1.02388
