66.38493	1
79.66191	0.99861
92.9389	0.99728
106.2159	0.99598
119.4929	0.99473
132.7699	0.99353
146.0468	0.99238
159.3238	0.99127
172.6008	0.99021
185.8778	0.98919
199.1548	0.98822
212.4317	0.98728
225.7087	0.98639
238.9857	0.98553
252.2627	0.98473
265.5396	0.98396
278.8166	0.98323
292.0936	0.98254
305.3706	0.98189
318.6476	0.98127
331.9245	0.98069
345.2015	0.98016
358.4785	0.97965
371.7555	0.97918
385.0324	0.97875
398.3094	0.97835
411.5864	0.97797
424.8634	0.97764
438.1404	0.97734
451.4173	0.97706
464.6943	0.97683
477.9713	0.97661
491.2483	0.97643
504.5252	0.97627
517.8022	0.97614
531.0792	0.97604
544.3562	0.97596
557.6332	0.97592
570.9102	0.97589
584.1871	0.97589
597.4641	0.97591
610.7411	0.97596
624.0181	0.97602
637.295	0.97611
650.572	0.97622
663.849	0.97635
677.126	0.97649
690.403	0.97665
703.6799	0.97684
716.9569	0.97705
730.2339	0.97726
743.5109	0.97749
756.7878	0.97774
770.0648	0.978
783.3418	0.97828
796.6188	0.97856
809.8958	0.97886
823.1727	0.97917
836.4497	0.97949
849.7267	0.97981
863.0037	0.98015
876.2806	0.98048
889.5576	0.98082
902.8346	0.98116
916.1116	0.98152
929.3885	0.98186
942.6655	0.98222
955.9425	0.98256
969.2195	0.9829
982.4965	0.98325
995.7734	0.98358
1009.05	0.98391
1022.327	0.98424
1035.604	0.98456
1048.881	0.98487
1062.158	0.98518
1075.435	0.98548
1088.712	0.98578
1101.989	0.98606
1115.266	0.98635
1128.543	0.98662
1141.82	0.9869
1155.097	0.98716
1168.374	0.98742
1181.651	0.98767
1194.928	0.98792
1208.205	0.98817
1221.482	0.98841
1234.759	0.98863
1248.036	0.98886
1261.313	0.98909
1274.59	0.9893
1287.867	0.98951
1301.144	0.98973
1314.421	0.98993
1327.698	0.99012
1340.975	0.99032
1354.252	0.99049
1367.529	0.99068
1380.806	0.99086
1394.083	0.99104
1407.36	0.9912
1420.637	0.99137
1433.914	0.99153
1447.191	0.99169
1460.468	0.99184
1473.745	0.99199
1487.022	0.99213
1500.299	0.99227
1513.576	0.9924
1526.853	0.99254
1540.13	0.99266
1553.406	0.99279
1566.683	0.99291
1579.96	0.99302
1593.237	0.99313
1606.514	0.99324
1619.791	0.99335
1633.068	0.99345
1646.345	0.99355
1659.622	0.99364
1672.899	0.99374
1686.176	0.99382
1699.453	0.99392
1712.73	0.994
1726.007	0.99408
1739.284	0.99415
1752.561	0.99423
1765.838	0.99429
1779.115	0.99436
1792.392	0.99443
1805.669	0.99449
1818.946	0.99455
1832.223	0.99461
1845.5	0.99467
1858.777	0.99472
1872.054	0.99477
1885.331	0.99482
1898.608	0.99486
1911.885	0.99491
1925.162	0.99494
1938.439	0.99499
1951.716	0.99503
1964.993	0.99506
1978.27	0.99509
1991.547	0.99513
2004.824	0.99516
2018.101	0.99519
2031.378	0.99521
2044.655	0.99524
2057.932	0.99526
2071.209	0.99529
2084.486	0.99531
2097.763	0.99533
2111.04	0.99535
2124.317	0.99537
2137.594	0.99538
2150.871	0.9954
2164.148	0.99541
2177.426	0.99543
2190.703	0.99544
2203.98	0.99545
2217.257	0.99546
2230.534	0.99547
2243.811	0.99548
2257.088	0.99549
2270.365	0.9955
2283.642	0.99551
2296.919	0.99551
2310.197	0.99552
2323.474	0.99554
2336.751	0.99553
2350.028	0.99554
2363.305	0.99555
2376.582	0.99556
2389.859	0.99556
2403.136	0.99558
2416.413	0.99558
2429.69	0.99559
2442.968	0.9956
2456.245	0.9956
2469.522	0.99562
2482.799	0.99563
2496.076	0.99563
2509.353	0.99565
2522.63	0.99566
2535.907	0.99567
2549.184	0.99568
2562.461	0.99569
2575.739	0.99571
2589.016	0.99573
2602.293	0.99575
2615.57	0.99576
2628.847	0.99579
2642.124	0.99581
2655.401	0.99583
2668.678	0.99585
