36.86696	0.999997282461003
69.59964	0.992845806837328
102.3323	0.986280232621338
135.065	0.980289689657047
167.7977	0.974826892765911
200.5304	0.969880065945613
233.263	0.965437433193833
265.9957	0.961449897639365
298.7284	0.957923437868
331.4611	0.954826530427378
364.1937	0.952128014203671
396.9264	0.949795459898183
429.6591	0.947834121419642
462.3917	0.946192909034911
495.1244	0.94485805387974
527.8571	0.943796401978368
560.5897	0.943012301393192
593.3224	0.942436183125894
626.0551	0.942071489392539
658.7877	0.941885066217367
691.5204	0.941862057720528
724.2531	0.941969491095531
756.9857	0.942173668858815
789.7184	0.942459916299799
822.451	0.942794173596391
855.1837	0.943143286772832
887.9164	0.943510516875917
920.649	0.943880826856532
953.3817	0.944239179665562
986.1144	0.94462561371089
1018.847	0.945006793847492
1051.58	0.945404822725873
1084.312	0.945822780223563
1117.045	0.946264108556625
1149.778	0.9467485551751
1182.51	0.947235719332572
1215.243	0.947740638078157
1247.976	0.948278348460967
1280.708	0.948808087396054
1313.441	0.949382575139953
1346.174	0.949941844665471
1378.906	0.950519955794699
1411.639	0.951094624707865
1444.372	0.951662046850372
1477.104	0.952237440440604
1509.837	0.952798340489519
1542.57	0.953378625649945
1575.302	0.953918510063953
1608.035	0.954451872384369
1640.768	0.954974726887331
1673.5	0.955483631356777
1706.233	0.955955939634401
1738.966	0.956425530373028
1771.698	0.956851278149175
1804.431	0.957248038842691
1837.164	0.957612189068247
1869.896	0.957939924271247
1902.629	0.95822725872783
1935.362	0.958471112560465
1968.094	0.958667500045292
