40.64548	1
43.05782	0.99999
45.47016	0.99998
47.8825	0.99996
50.29484	0.99996
52.70718	0.99995
55.11951	0.99993
57.53185	0.99993
59.94419	0.99992
62.35653	0.99991
64.76887	0.9999
67.18121	0.99989
69.59354	0.99988
72.00588	0.99987
74.41822	0.99986
76.83056	0.99985
79.2429	0.99984
81.65524	0.99984
84.06757	0.99983
86.47991	0.99982
88.89225	0.99981
91.30459	0.99981
93.71693	0.9998
96.12926	0.99979
98.5416	0.99978
100.9539	0.99977
103.3663	0.99978
105.7786	0.99977
108.191	0.99976
110.6033	0.99976
113.0156	0.99975
115.428	0.99974
117.8403	0.99974
120.2526	0.99973
122.665	0.99973
125.0773	0.99972
127.4897	0.99971
129.902	0.99971
132.3143	0.99971
134.7267	0.99971
137.139	0.9997
139.5514	0.99969
141.9637	0.99969
144.376	0.99969
146.7884	0.99968
149.2007	0.99968
151.6131	0.99968
154.0254	0.99967
156.4377	0.99968
158.8501	0.99968
161.2624	0.99967
163.6747	0.99967
166.0871	0.99967
168.4994	0.99967
170.9118	0.99966
173.3241	0.99966
175.7364	0.99966
178.1488	0.99966
180.5611	0.99967
182.9734	0.99966
185.3858	0.99966
187.7981	0.99965
190.2105	0.99966
192.6228	0.99966
195.0351	0.99966
197.4475	0.99967
199.8598	0.99966
202.2722	0.99966
204.6845	0.99966
207.0968	0.99966
209.5092	0.99966
211.9215	0.99966
214.3338	0.99967
216.7462	0.99967
219.1585	0.99967
221.5709	0.99967
223.9832	0.99967
226.3955	0.99968
228.8079	0.99968
231.2202	0.99968
233.6326	0.99969
236.0449	0.99969
238.4572	0.9997
240.8696	0.99969
243.2819	0.9997
245.6942	0.9997
248.1066	0.99971
250.5189	0.9997
252.9313	0.99971
255.3436	0.99972
257.7559	0.99973
260.1683	0.99972
262.5806	0.99973
264.993	0.99973
267.4053	0.99974
269.8177	0.99974
272.23	0.99975
274.6424	0.99976
277.0547	0.99976
279.4671	0.99976
281.8795	0.99977
284.2918	0.99977
286.7042	0.99978
289.1165	0.99978
291.5289	0.9998
293.9412	0.9998
296.3536	0.9998
298.7659	0.9998
301.1783	0.99982
303.5906	0.99982
306.003	0.99983
308.4153	0.99984
310.8277	0.99985
313.2401	0.99985
315.6524	0.99986
318.0648	0.99986
320.4771	0.99987
322.8895	0.99987
325.3018	0.99989
327.7142	0.9999
330.1265	0.9999
332.5389	0.99991
334.9512	0.99992
337.3636	0.99993
339.7759	0.99994
342.1883	0.99994
344.6006	0.99995
347.013	0.99995
349.4254	0.99996
351.8377	0.99997
354.2501	0.99998
356.6624	0.99999
359.0748	1
361.4871	1
363.8995	1.00002
366.3118	1.00003
368.7242	1.00004
371.1365	1.00005
373.5489	1.00005
375.9612	1.00007
378.3736	1.00008
380.7859	1.00008
383.1983	1.0001
385.6107	1.0001
388.023	1.00011
390.4354	1.00013
392.8477	1.00013
395.2601	1.00015
397.6724	1.00015
400.0848	1.00017
402.4971	1.00017
404.9095	1.00019
407.3218	1.0002
409.7342	1.00021
412.1465	1.00022
414.5589	1.00023
416.9713	1.00024
419.3836	1.00025
421.796	1.00026
424.2083	1.00027
426.6207	1.00028
429.033	1.00029
431.4454	1.00031
433.8577	1.00032
436.2701	1.00033
438.6824	1.00034
441.0948	1.00035
443.5071	1.00037
445.9195	1.00038
448.3318	1.00039
450.7442	1.0004
453.1566	1.00041
455.5689	1.00042
457.9813	1.00043
460.3936	1.00044
462.806	1.00045
465.2183	1.00046
467.6307	1.00048
470.043	1.00049
472.4554	1.0005
474.8677	1.00051
477.2801	1.00053
479.6924	1.00054
482.1048	1.00055
484.5172	1.00057
486.9295	1.00058
489.3419	1.00059
491.7542	1.00061
494.1666	1.00061
496.5789	1.00063
498.9913	1.00064
501.4036	1.00066
503.816	1.00066
506.2283	1.00068
508.6407	1.00069
511.053	1.00071
513.4654	1.00071
515.8777	1.00073
518.2901	1.00075
520.7025	1.00075
523.1148	1.00077
525.5272	1.00079
527.9395	1.00079
530.3519	1.00081
532.7642	1.00082
535.1766	1.00083
537.5889	1.00084
540.0013	1.00086
542.4136	1.00087
544.826	1.00089
547.2383	1.0009
549.6507	1.00091
552.063	1.00092
554.4754	1.00094
556.8878	1.00095
559.3001	1.00096
561.7125	1.00098
564.1248	1.00099
566.5372	1.00101
568.9495	1.00102
571.3619	1.00103
573.7742	1.00105
576.1866	1.00106
578.5989	1.00107
581.0113	1.00108
583.4236	1.0011
585.836	1.00111
588.2484	1.00112
590.6607	1.00113
593.0731	1.00116
595.4854	1.00117
597.8978	1.00118
600.3101	1.00119
602.7225	1.0012
605.1348	1.00121
607.5472	1.00123
609.9595	1.00124
612.3719	1.00125
614.7842	1.00126
617.1966	1.00129
619.6089	1.0013
622.0213	1.00131
624.4337	1.00132
626.846	1.00134
629.2584	1.00135
631.6707	1.00135
634.0831	1.00137
636.4954	1.00138
638.9078	1.0014
641.3201	1.00141
643.7325	1.00142
646.1448	1.00144
648.5572	1.00145
650.9695	1.00147
653.3819	1.00148
655.7943	1.00148
658.2066	1.0015
660.619	1.00151
663.0313	1.00153
665.4437	1.00154
667.856	1.00155
670.2684	1.00156
672.6807	1.00158
675.0931	1.00158
677.5054	1.0016
679.9178	1.00162
682.3301	1.00163
684.7425	1.00164
687.1548	1.00165
689.5672	1.00167
691.9796	1.00167
694.3919	1.00169
696.8043	1.00171
699.2166	1.00171
701.629	1.00173
704.0413	1.00174
706.4537	1.00175
708.866	1.00176
711.2784	1.00177
713.6907	1.00178
716.1031	1.0018
718.5154	1.0018
720.9278	1.00182
723.3401	1.00183
725.7525	1.00184
728.1649	1.00185
730.5772	1.00187
732.9896	1.00188
735.4019	1.00188
737.8143	1.0019
740.2266	1.00191
742.639	1.00192
745.0513	1.00193
747.4637	1.00194
749.876	1.00196
752.2884	1.00196
754.7007	1.00197
757.1131	1.00199
759.5255	1.002
761.9378	1.00201
764.3502	1.00202
766.7625	1.00203
769.1749	1.00204
771.5872	1.00205
773.9996	1.00206
776.4119	1.00207
778.8243	1.00208
781.2366	1.00209
783.649	1.00211
786.0613	1.00211
788.4737	1.00212
790.886	1.00213
793.2984	1.00214
795.7108	1.00215
798.1231	1.00215
800.5355	1.00216
802.9478	1.00218
805.3602	1.00219
807.7725	1.0022
810.1849	1.0022
812.5972	1.00221
815.0096	1.00222
817.4219	1.00223
819.8343	1.00224
822.2466	1.00225
824.659	1.00225
827.0714	1.00226
829.4837	1.00227
831.8961	1.00228
834.3084	1.00229
836.7208	1.00229
839.1331	1.0023
841.5455	1.00231
843.9578	1.00232
846.3702	1.00233
848.7825	1.00233
851.1949	1.00234
853.6072	1.00235
856.0196	1.00235
858.4319	1.00236
860.8443	1.00236
863.2567	1.00237
865.669	1.00238
868.0814	1.00239
870.4937	1.0024
872.9061	1.00239
875.3184	1.0024
877.7308	1.00241
880.1431	1.00242
882.5555	1.00243
884.9678	1.00242
887.3802	1.00243
889.7925	1.00244
892.2049	1.00245
894.6172	1.00244
897.0296	1.00245
899.442	1.00246
901.8543	1.00247
904.2667	1.00246
906.679	1.00247
909.0914	1.00248
911.5037	1.00249
913.9161	1.00248
916.3284	1.00249
918.7408	1.0025
921.1531	1.00249
923.5655	1.0025
925.9778	1.0025
928.3902	1.00251
930.8026	1.00251
933.2149	1.00251
935.6273	1.00252
938.0396	1.00251
940.452	1.00252
942.8643	1.00252
945.2767	1.00252
947.689	1.00253
950.1014	1.00252
952.5137	1.00253
954.9261	1.00254
957.3384	1.00253
959.7508	1.00254
962.1631	1.00253
964.5755	1.00254
966.9879	1.00254
969.4002	1.00254
971.8126	1.00254
974.2249	1.00254
976.6373	1.00254
979.0496	1.00254
981.462	1.00254
983.8743	1.00254
986.2867	1.00254
988.699	1.00253
991.1114	1.00254
993.5237	1.00253
995.9361	1.00254
998.3484	1.00253
1000.761	1.00253
1003.173	1.00253
1005.586	1.00252
1007.998	1.00253
1010.41	1.00252
1012.823	1.00252
1015.235	1.00252
1017.647	1.00251
1020.06	1.00252
1022.472	1.00251
1024.884	1.0025
1027.297	1.0025
1029.709	1.0025
1032.121	1.0025
1034.534	1.00249
1036.946	1.00249
1039.358	1.00249
1041.771	1.00248
1044.183	1.00247
1046.595	1.00246
1049.008	1.00247
1051.42	1.00246
1053.833	1.00245
1056.245	1.00245
1058.657	1.00244
1061.07	1.00243
1063.482	1.00242
1065.894	1.00243
1068.307	1.00242
1070.719	1.00241
1073.131	1.0024
1075.544	1.0024
1077.956	1.00239
1080.368	1.00238
1082.781	1.00237
1085.193	1.00237
1087.605	1.00236
1090.018	1.00235
1092.43	1.00234
1094.843	1.00232
1097.255	1.00232
1099.667	1.00231
1102.08	1.0023
1104.492	1.00229
1106.904	1.00228
1109.317	1.00228
1111.729	1.00226
1114.141	1.00225
1116.554	1.00224
1118.966	1.00223
1121.378	1.00221
1123.791	1.00221
1126.203	1.0022
1128.615	1.00218
1131.028	1.00217
1133.44	1.00216
1135.853	1.00214
1138.265	1.00213
1140.677	1.00211
1143.09	1.00211
1145.502	1.00209
1147.914	1.00208
1150.327	1.00206
1152.739	1.00205
1155.151	1.00203
1157.564	1.00202
1159.976	1.002
1162.388	1.002
1164.801	1.00198
1167.213	1.00196
1169.625	1.00195
1172.038	1.00193
1174.45	1.00191
1176.863	1.0019
1179.275	1.00188
1181.687	1.00186
1184.1	1.00184
1186.512	1.00182
1188.924	1.00181
1191.337	1.0018
1193.749	1.00178
1196.161	1.00176
1198.574	1.00174
1200.986	1.00172
1203.398	1.0017
1205.811	1.00168
1208.223	1.00166
1210.635	1.00164
1213.048	1.00162
1215.46	1.0016
1217.873	1.00158
1220.285	1.00155
1222.697	1.00153
1225.11	1.00151
1227.522	1.00149
1229.934	1.00147
1232.347	1.00144
1234.759	1.00142
1237.171	1.0014
1239.584	1.00137
1241.996	1.00135
1244.408	1.00133
1246.821	1.0013
1249.233	1.00128
1251.646	1.00125
1254.058	1.00123
1256.47	1.0012
1258.883	1.00118
1261.295	1.00115
1263.707	1.00113
1266.12	1.0011
1268.532	1.00107
1270.944	1.00105
1273.357	1.00102
1275.769	1.00099
1278.181	1.00096
1280.594	1.00094
1283.006	1.00091
1285.418	1.00088
1287.831	1.00085
1290.243	1.00082
1292.656	1.00079
1295.068	1.00076
1297.48	1.00073
1299.893	1.0007
1302.305	1.00067
1304.717	1.00064
1307.13	1.00061
1309.542	1.00058
1311.954	1.00055
1314.367	1.00052
1316.779	1.00049
1319.191	1.00046
1321.604	1.00042
1324.016	1.00039
1326.428	1.00036
1328.841	1.00034
1331.253	1.00029
1333.666	1.00026
1336.078	1.00024
1338.49	1.00019
1340.903	1.00017
1343.315	1.00012
1345.727	1.0001
1348.14	1.00005
1350.552	1.00003
1352.964	0.99999
1355.377	0.99996
1357.789	0.99992
1360.201	0.99989
1362.614	0.99985
1365.026	0.99982
1367.438	0.99978
1369.851	0.99974
1372.263	0.99971
1374.676	0.99967
1377.088	0.99963
1379.5	0.9996
1381.913	0.99956
1384.325	0.99952
1386.737	0.99948
1389.15	0.99944
1391.562	0.99941
1393.974	0.99937
1396.387	0.99934
1398.799	0.9993
1401.211	0.99926
1403.624	0.99922
1406.036	0.99918
1408.448	0.99914
1410.861	0.9991
1413.273	0.99906
1415.686	0.99902
1418.098	0.99898
1420.51	0.99895
1422.923	0.99891
1425.335	0.99887
1427.747	0.99883
1430.16	0.99879
1432.572	0.99875
1434.984	0.99871
1437.397	0.99868
1439.809	0.99864
1442.221	0.99859
1444.634	0.99855
1447.046	0.99851
1449.458	0.99847
1451.871	0.99844
1454.283	0.99839
1456.696	0.99835
1459.108	0.99831
1461.52	0.99826
1463.933	0.99823
1466.345	0.99819
1468.757	0.99815
1471.17	0.9981
1473.582	0.99807
1475.994	0.99803
1478.407	0.99798
1480.819	0.99794
1483.231	0.9979
1485.644	0.99786
1488.056	0.99782
1490.469	0.99778
1492.881	0.99774
1495.293	0.99769
1497.706	0.99766
1500.118	0.99761
1502.53	0.99757
1504.943	0.99752
1507.355	0.99749
1509.767	0.99744
1512.18	0.99741
1514.592	0.99736
1517.004	0.99732
1519.417	0.99728
1521.829	0.99724
1524.241	0.99719
1526.654	0.99715
1529.066	0.99711
1531.479	0.99707
1533.891	0.99703
1536.303	0.99699
1538.716	0.99694
1541.128	0.9969
1543.54	0.99686
1545.953	0.99682
1548.365	0.99678
1550.777	0.99673
1553.19	0.9967
1555.602	0.99665
1558.014	0.99661
1560.427	0.99657
1562.839	0.99653
1565.251	0.99648
1567.664	0.99644
1570.076	0.9964
1572.489	0.99636
1574.901	0.99631
1577.313	0.99628
1579.726	0.99623
1582.138	0.99619
1584.55	0.99615
1586.963	0.99611
1589.375	0.99607
1591.787	0.99602
1594.2	0.99599
1596.612	0.99595
1599.024	0.9959
1601.437	0.99586
1603.849	0.99582
1606.261	0.99578
1608.674	0.99574
1611.086	0.99569
1613.499	0.99565
1615.911	0.99562
1618.323	0.99557
1620.736	0.99553
1623.148	0.99549
1625.56	0.99545
1627.973	0.99541
1630.385	0.99537
1632.797	0.99532
1635.21	0.99528
1637.622	0.99525
1640.034	0.99521
1642.447	0.99516
1644.859	0.99512
1647.271	0.99509
1649.684	0.99505
1652.096	0.995
1654.509	0.99496
1656.921	0.99493
1659.333	0.99489
1661.746	0.99484
1664.158	0.9948
1666.57	0.99476
1668.983	0.99473
1671.395	0.99469
1673.807	0.99464
1676.22	0.9946
1678.632	0.99457
1681.044	0.99453
1683.457	0.99449
1685.869	0.99445
1688.281	0.99442
1690.694	0.99437
1693.106	0.99433
1695.519	0.99429
1697.931	0.99426
1700.343	0.99422
1702.756	0.99418
1705.168	0.99415
1707.58	0.99411
1709.993	0.99406
1712.405	0.99402
1714.817	0.99399
1717.23	0.99395
1719.642	0.99391
1722.054	0.99388
1724.467	0.99384
1726.879	0.9938
1729.292	0.99377
1731.704	0.99373
1734.116	0.99369
1736.529	0.99366
1738.941	0.99362
1741.353	0.99358
1743.766	0.99355
1746.178	0.99351
1748.59	0.99348
1751.003	0.99344
1753.415	0.9934
1755.827	0.99337
1758.24	0.99333
1760.652	0.99331
1763.064	0.99327
1765.477	0.99324
1767.889	0.9932
1770.302	0.99317
1772.714	0.99313
1775.126	0.9931
1777.539	0.99306
1779.951	0.99303
1782.363	0.99299
1784.776	0.99297
1787.188	0.99293
1789.6	0.9929
1792.013	0.99286
1794.425	0.99283
1796.837	0.99279
1799.25	0.99277
1801.662	0.99274
1804.074	0.9927
1806.487	0.99267
1808.899	0.99264
1811.312	0.9926
1813.724	0.99258
1816.136	0.99255
1818.549	0.99251
1820.961	0.99248
1823.373	0.99246
1825.786	0.99242
1828.198	0.99239
1830.61	0.99236
1833.023	0.99234
1835.435	0.99231
1837.847	0.99227
1840.26	0.99225
1842.672	0.99222
1845.084	0.99219
1847.497	0.99217
1849.909	0.99214
1852.322	0.99211
1854.734	0.99207
1857.146	0.99205
1859.559	0.99202
1861.971	0.992
1864.383	0.99197
1866.796	0.99194
1869.208	0.99192
1871.62	0.99189
1874.033	0.99186
1876.445	0.99184
1878.857	0.99182
1881.27	0.9918
1883.682	0.99177
1886.094	0.99175
1888.507	0.99172
1890.919	0.99169
1893.332	0.99167
1895.744	0.99165
1898.156	0.99163
1900.569	0.9916
1902.981	0.99158
1905.393	0.99156
1907.806	0.99154
1910.218	0.99151
1912.63	0.9915
1915.043	0.99147
1917.455	0.99145
1919.867	0.99143
1922.28	0.99141
1924.692	0.99139
1927.104	0.99137
1929.517	0.99135
1931.929	0.99133
1934.342	0.99132
1936.754	0.99129
1939.166	0.99128
1941.579	0.99125
1943.991	0.99124
1946.403	0.99122
1948.816	0.9912
1951.228	0.99119
1953.64	0.99117
1956.053	0.99115
1958.465	0.99113
1960.877	0.99112
1963.29	0.99111
1965.702	0.9911
1968.115	0.99107
1970.527	0.99106
1972.939	0.99104
1975.352	0.99103
1977.764	0.99102
1980.176	0.99101
1982.589	0.99099
1985.001	0.99098
1987.413	0.99097
1989.826	0.99095
1992.238	0.99094
1994.65	0.99093
1997.063	0.99093
1999.475	0.99091
2001.887	0.9909
2004.3	0.99089
2006.712	0.99089
2009.125	0.99087
2011.537	0.99086
2013.949	0.99085
2016.362	0.99085
2018.774	0.99084
2021.186	0.99084
2023.599	0.99082
2026.011	0.99082
2028.423	0.99081
2030.836	0.99081
2033.248	0.9908
2035.66	0.9908
2038.073	0.99078
2040.485	0.99078
2042.897	0.99078
2045.31	0.99077
2047.722	0.99077
2050.135	0.99077
2052.547	0.99077
2054.959	0.99077
2057.372	0.99076
2059.784	0.99075
2062.196	0.99075
2064.609	0.99075
2067.021	0.99075
2069.433	0.99075
2071.846	0.99075
2074.258	0.99075
2076.67	0.99076
2079.083	0.99076
2081.495	0.99076
2083.907	0.99076
2086.32	0.99076
2088.732	0.99077
2091.145	0.99077
2093.557	0.99077
2095.969	0.99078
2098.382	0.99078
2100.794	0.99078
2103.206	0.99079
2105.619	0.99079
2108.031	0.99081
2110.443	0.99082
2112.856	0.99082
2115.268	0.99083
2117.68	0.99084
2120.093	0.99084
2122.505	0.99085
2124.917	0.99086
2127.33	0.99087
2129.742	0.99089
2132.155	0.99089
2134.567	0.9909
2136.979	0.99091
2139.392	0.99092
2141.804	0.99093
2144.216	0.99094
2146.629	0.99097
2149.041	0.99098
2151.453	0.99099
2153.866	0.991
2156.278	0.99101
2158.69	0.99104
2161.103	0.99105
2163.515	0.99107
2165.927	0.99108
2168.34	0.9911
2170.752	0.99112
2173.165	0.99113
2175.577	0.99115
2177.989	0.99118
2180.402	0.99119
2182.814	0.99121
2185.226	0.99124
2187.639	0.99126
2190.051	0.99127
2192.463	0.9913
2194.876	0.99132
2197.288	0.99134
2199.7	0.99137
2202.113	0.99139
2204.525	0.99141
2206.938	0.99144
2209.35	0.99146
2211.762	0.9915
2214.175	0.99152
2216.587	0.99154
2218.999	0.99157
2221.412	0.9916
2223.824	0.99162
2226.236	0.99166
2228.649	0.99168
2231.061	0.99172
2233.473	0.99174
2235.886	0.99178
2238.298	0.99181
2240.71	0.99184
2243.123	0.99187
2245.535	0.99191
2247.948	0.99194
2250.36	0.99198
2252.772	0.992
2255.185	0.99203
2257.597	0.99207
2260.009	0.99212
2262.422	0.99215
2264.834	0.99219
2267.246	0.99222
2269.659	0.99226
2272.071	0.9923
2274.483	0.99234
2276.896	0.99237
2279.308	0.99242
2281.72	0.99246
2284.133	0.9925
2286.545	0.99254
2288.958	0.99258
2291.37	0.99263
2293.782	0.99267
2296.195	0.99271
2298.607	0.99276
2301.019	0.99281
2303.432	0.99285
2305.844	0.9929
2308.256	0.99295
2310.669	0.99299
2313.081	0.99304
2315.493	0.99309
2317.906	0.99313
2320.318	0.99319
2322.73	0.99324
2325.143	0.99329
2327.555	0.99334
2329.968	0.99339
2332.38	0.99345
2334.792	0.9935
2337.205	0.99355
2339.617	0.9936
2342.029	0.99366
2344.442	0.99372
2346.854	0.99377
2349.266	0.99383
2351.679	0.99389
2354.091	0.99395
2356.503	0.99401
2358.916	0.99407
2361.328	0.99412
2363.74	0.99418
2366.153	0.99424
2368.565	0.99431
2370.978	0.99437
2373.39	0.99443
2375.802	0.9945
2378.215	0.99455
2380.627	0.99462
2383.039	0.99469
2385.452	0.99475
2387.864	0.99482
2390.276	0.99489
2392.689	0.99496
2395.101	0.99502
2397.513	0.99509
2399.926	0.99516
2402.338	0.99524
2404.75	0.99531
2407.163	0.99538
2409.575	0.99545
2411.988	0.99552
2414.4	0.9956
2416.812	0.99567
2419.225	0.99575
2421.637	0.99582
2424.049	0.9959
2426.462	0.99597
2428.874	0.99605
2431.286	0.99613
2433.699	0.99621
2436.111	0.99628
2438.523	0.99636
2440.936	0.99644
2443.348	0.99652
2445.76	0.99661
2448.173	0.99669
2450.585	0.99678
2452.998	0.99686
2455.41	0.99695
2457.822	0.99703
2460.235	0.99711
2462.647	0.9972
2465.059	0.99729
2467.472	0.99738
2469.884	0.99747
2472.296	0.99756
2474.709	0.99765
2477.121	0.99773
2479.533	0.99782
2481.946	0.99792
2484.358	0.99801
2486.771	0.99811
2489.183	0.9982
2491.595	0.9983
2494.008	0.99839
2496.42	0.99849
2498.832	0.99858
2501.245	0.99869
2503.657	0.99878
2506.069	0.99888
2508.482	0.99899
2510.894	0.99908
2513.306	0.99918
2515.719	0.99928
2518.131	0.99939
2520.543	0.99949
2522.956	0.99959
2525.368	0.9997
2527.781	0.99981
2530.193	0.99992
2532.605	1.00002
2535.018	1.00013
2537.43	1.00024
2539.842	1.00035
2542.255	1.00045
2544.667	1.00057
2547.079	1.00068
2549.492	1.0008
2551.904	1.00091
2554.316	1.00103
2556.729	1.00114
2559.141	1.00126
2561.553	1.00137
2563.966	1.00149
2566.378	1.0016
2568.791	1.00173
2571.203	1.00184
2573.615	1.00197
2576.028	1.00208
2578.44	1.00221
2580.852	1.00233
2583.265	1.00245
2585.677	1.00257
2588.089	1.0027
2590.502	1.00282
2592.914	1.00295
2595.326	1.00307
2597.739	1.0032
2600.151	1.00334
2602.563	1.00346
2604.976	1.00359
2607.388	1.00372
2609.801	1.00385
2612.213	1.00399
2614.625	1.00412
2617.038	1.00426
2619.45	1.00439
2621.862	1.00452
2624.275	1.00466
2626.687	1.0048
2629.099	1.00493
2631.512	1.00508
2633.924	1.00522
2636.336	1.00535
2638.749	1.0055
2641.161	1.00564
2643.573	1.00579
2645.986	1.00592
2648.398	1.00607
2650.811	1.00622
2653.223	1.00637
2655.635	1.00651
2658.048	1.00666
2660.46	1.00681
2662.872	1.00696
2665.285	1.0071
2667.697	1.00726
2670.109	1.00741
2672.522	1.00756
2674.934	1.00772
2677.346	1.00788
2679.759	1.00802
2682.171	1.00818
2684.583	1.00834
2686.996	1.0085
2689.408	1.00866
2691.821	1.00882
2694.233	1.00898
2696.645	1.00914
2699.058	1.00931
2701.47	1.00947
2703.882	1.00964
2706.295	1.00979
2708.707	1.00996
2711.119	1.01012
2713.532	1.01029
2715.944	1.01046
2718.356	1.01063
2720.769	1.0108
2723.181	1.01097
2725.594	1.01114
2728.006	1.01132
2730.418	1.01149
2732.831	1.01166
2735.243	1.01184
2737.655	1.01201
2740.068	1.01219
2742.48	1.01237
2744.892	1.01256
2747.305	1.01274
2749.717	1.01292
2752.129	1.0131
2754.542	1.01328
2756.954	1.01346
2759.366	1.01364
2761.779	1.01383
2764.191	1.01401
2766.604	1.0142
2769.016	1.01438
2771.428	1.01458
2773.841	1.01477
2776.253	1.01496
2778.665	1.01515
2781.078	1.01534
2783.49	1.01554
2785.902	1.01573
2788.315	1.01593
2790.727	1.01612
2793.139	1.01632
2795.552	1.01652
2797.964	1.01672
2800.376	1.01692
2802.789	1.01711
2805.201	1.01732
2807.614	1.01752
2810.026	1.01772
2812.438	1.01794
2814.851	1.01814
2817.263	1.01834
2819.675	1.01855
2822.088	1.01876
2824.5	1.01897
2826.912	1.01917
2829.325	1.01939
2831.737	1.0196
2834.149	1.01981
2836.562	1.02003
2838.974	1.02024
2841.386	1.02045
2843.799	1.02068
2846.211	1.02089
2848.624	1.02112
2851.036	1.02133
2853.448	1.02156
2855.861	1.02178
2858.273	1.022
2860.685	1.02222
2863.098	1.02245
2865.51	1.02268
2867.922	1.0229
2870.335	1.02313
2872.747	1.02336
2875.159	1.02359
2877.572	1.02382
2879.984	1.02405
2882.396	1.02428
2884.809	1.02452
2887.221	1.02475
2889.634	1.02499
2892.046	1.02522
2894.458	1.02546
