69.59964	0.999997954145583
102.3323	0.993865846506363
135.065	0.988300440540651
167.7977	0.98327309428661
200.5304	0.978764031151543
233.263	0.974763703814836
265.9957	0.971250289829376
298.7284	0.96819446528185
331.4611	0.965592820414899
364.1937	0.963405802043127
396.9264	0.961628636506226
429.6591	0.960231317939415
462.3917	0.959189978041163
495.1244	0.958490977782021
527.8571	0.958102265442791
560.5897	0.958008838091082
593.3224	0.958188191328305
626.0551	0.958615092949986
658.7877	0.959265674654592
691.5204	0.960116750092063
724.2531	0.961142405106453
756.9857	0.96232831871684
789.7184	0.963640393349609
822.451	0.965062944120896
855.1837	0.966570738826225
887.9164	0.968139909164064
920.649	0.969735675609324
953.3817	0.971351218647281
986.1144	0.972952440704319
1018.847	0.974514109575963
1051.58	0.976011675009206
1084.312	0.977438317489327
1117.045	0.978768122860377
1149.778	0.980021549666526
1182.51	0.981192460344522
1215.243	0.982282900748783
1247.976	0.983312647472006
1280.708	0.984284428320081
1313.441	0.985182558409144
1346.174	0.986037043603977
1378.906	0.986839700486913
1411.639	0.987594620766786
1444.372	0.98830316834654
1477.104	0.988985801770346
1509.837	0.989627518105812
1542.57	0.990248093945635
1575.302	0.990850939047177
1608.035	0.991437417313384
1640.768	0.992010256550144
1673.5	0.992572866514819
1706.233	0.993134794528021
1738.966	0.993696040589752
1771.698	0.994249785185286
1804.431	0.994800801974931
1837.164	0.995334088026296
1869.896	0.995863964320299
1902.629	0.996374064021604
1935.362	0.99686097737285
1968.094	0.997327432179926
2000.827	0.997778202103138
2033.56	0.998188736889483
2066.292	0.998581540937547
2099.025	0.998932745945799
2131.758	0.999247125574544
2164.49	0.999526725678201
2197.223	0.999758589178794
2229.956	0.999946807785158
2262.688	1.00009342735171
2295.421	1.00018617275195
