36.86696	1
69.59964	0.99827
102.3323	0.99675
135.065	0.99542
167.7977	0.99429
200.5304	0.99333
233.263	0.99254
265.9957	0.99189
298.7284	0.9914
331.4611	0.99104
364.1937	0.99079
396.9264	0.99066
429.6591	0.99064
462.3917	0.99069
495.1244	0.99083
527.8571	0.99102
560.5897	0.99128
593.3224	0.99158
626.0551	0.99191
658.7877	0.99225
691.5204	0.99261
724.2531	0.99296
756.9857	0.99331
789.7184	0.99363
822.451	0.99391
855.1837	0.99417
887.9164	0.99439
920.649	0.9946
953.3817	0.99479
986.1144	0.99497
1018.847	0.99515
1051.58	0.99532
1084.312	0.9955
1117.045	0.99569
1149.778	0.9959
1182.51	0.99613
1215.243	0.99638
1247.976	0.99667
1280.708	0.99699
1313.441	0.99735
1346.174	0.99776
1378.906	0.99822
1411.639	0.99874
1444.372	0.99932
1477.104	0.99997
1509.837	1.00069
1542.57	1.00148
1575.302	1.00235
1608.035	1.00328
1640.768	1.0043
1673.5	1.00538
1706.233	1.00653
1738.966	1.00777
1771.698	1.00909
1804.431	1.01047
1837.164	1.01193
1869.896	1.01347
1902.629	1.01509
1935.362	1.01678
1968.094	1.01855
2000.827	1.0204
2033.56	1.02232
2066.292	1.02433
2099.025	1.0264
2131.758	1.02857
