24.46105	1
26.34267	0.9999
28.22428	0.99979
30.1059	0.99969
31.98752	0.99959
33.86913	0.99949
35.75075	0.99939
37.63237	0.99929
39.51398	0.99919
41.39562	0.99909
43.27723	0.99899
45.15885	0.9989
47.04047	0.9988
48.92208	0.9987
50.8037	0.99861
52.68532	0.99852
54.56693	0.99842
56.44855	0.99833
58.33018	0.99824
60.2118	0.99815
62.09342	0.99805
63.97503	0.99796
65.85665	0.99787
67.73827	0.99779
69.61988	0.9977
71.5015	0.99761
73.38313	0.99752
75.26475	0.99744
77.14637	0.99735
79.02798	0.99727
80.9096	0.99718
82.79122	0.9971
84.67283	0.99702
86.55445	0.99693
88.43606	0.99685
90.3177	0.99677
92.19932	0.99669
94.08093	0.99661
95.96255	0.99653
97.84416	0.99645
99.72578	0.99638
101.6074	0.9963
103.48901	0.99622
105.37065	0.99615
107.25226	0.99607
109.13388	0.996
111.0155	0.99592
112.89711	0.99585
114.77873	0.99577
116.66035	0.9957
118.54196	0.99563
120.42358	0.99556
122.30521	0.99549
124.18683	0.99542
126.06845	0.99535
127.95006	0.99528
129.83168	0.99521
131.7133	0.99514
133.59491	0.99508
135.47653	0.99501
137.35815	0.99494
139.23978	0.99488
141.1214	0.99481
143.00301	0.99475
144.88463	0.99469
146.76625	0.99462
148.64786	0.99456
150.52948	0.9945
152.4111	0.99444
154.29273	0.99438
156.17435	0.99431
158.05596	0.99426
159.93758	0.9942
161.8192	0.99414
163.70081	0.99408
165.58243	0.99402
167.46405	0.99396
169.34566	0.99391
171.2273	0.99385
173.10893	0.9938
174.99056	0.99374
176.8722	0.99369
178.75383	0.99363
180.63547	0.99358
182.51693	0.99353
184.39856	0.99347
186.2802	0.99342
188.16183	0.99337
190.04346	0.99332
191.9251	0.99327
193.80673	0.99322
195.68836	0.99317
197.57	0.99312
199.45163	0.99307
201.33327	0.99302
203.2149	0.99298
205.09653	0.99293
206.97817	0.99288
208.8598	0.99284
210.74144	0.99279
212.62307	0.99275
214.5047	0.9927
216.38634	0.99266
218.26797	0.99261
220.1496	0.99257
222.03124	0.99253
223.91287	0.99249
225.79451	0.99244
227.67614	0.9924
229.55777	0.99236
231.43941	0.99232
233.32104	0.99228
235.20267	0.99224
237.08431	0.9922
238.96594	0.99216
240.84758	0.99213
242.72921	0.99209
244.61084	0.99205
246.49248	0.99201
248.37411	0.99198
250.25575	0.99194
252.13721	0.99191
254.01884	0.99187
255.90047	0.99184
257.78211	0.9918
259.66374	0.99177
261.54538	0.99173
263.42701	0.9917
265.30864	0.99167
267.19028	0.99164
269.07191	0.9916
270.95354	0.99157
272.83518	0.99154
274.71681	0.99151
276.59845	0.99148
278.48008	0.99145
280.36171	0.99142
282.24335	0.99139
284.12498	0.99136
286.00662	0.99133
287.88825	0.99131
289.76988	0.99128
291.65152	0.99125
293.53315	0.99122
295.41478	0.9912
297.29642	0.99117
299.17805	0.99115
301.05969	0.99112
302.94132	0.9911
304.82295	0.99107
306.70459	0.99105
308.58622	0.99102
310.46786	0.991
312.34949	0.99098
314.23112	0.99095
316.11276	0.99093
317.99439	0.99091
319.87585	0.99089
321.75749	0.99086
323.63912	0.99084
325.52075	0.99082
327.40239	0.9908
329.28402	0.99078
331.16565	0.99076
333.04729	0.99074
334.92892	0.99072
336.81056	0.9907
338.69219	0.99069
340.57382	0.99067
342.45546	0.99065
344.33709	0.99063
346.21873	0.99061
348.10036	0.9906
349.98199	0.99058
351.86363	0.99056
353.74526	0.99055
355.62689	0.99053
357.50853	0.99052
359.39016	0.9905
361.2718	0.99049
363.15343	0.99047
365.03506	0.99046
366.9167	0.99044
368.79833	0.99043
370.67997	0.99041
372.5616	0.9904
374.44323	0.99039
376.32487	0.99037
378.2065	0.99036
380.08813	0.99035
381.96977	0.99034
383.8514	0.99033
385.73304	0.99031
387.61467	0.9903
389.49613	0.99029
391.37776	0.99028
393.2594	0.99027
395.14103	0.99026
397.02267	0.99025
398.9043	0.99024
400.78593	0.99023
402.66757	0.99022
404.5492	0.99021
406.43084	0.9902
408.31247	0.99019
410.1941	0.99019
412.07574	0.99018
413.95737	0.99017
415.839	0.99016
417.72064	0.99015
419.60227	0.99015
421.48391	0.99014
423.36554	0.99013
425.24717	0.99013
427.12881	0.99012
429.01044	0.99011
430.89208	0.99011
432.77371	0.9901
434.65534	0.99009
436.53698	0.99009
438.41861	0.99008
440.30024	0.99008
442.18188	0.99007
444.06351	0.99007
445.94515	0.99006
447.82678	0.99006
449.70841	0.99005
451.59005	0.99005
453.47168	0.99005
455.35332	0.99004
457.23478	0.99004
459.11641	0.99003
460.99804	0.99003
462.87968	0.99003
464.76131	0.99003
466.64295	0.99002
468.52458	0.99002
470.40621	0.99002
472.28785	0.99001
474.16948	0.99001
476.05111	0.99001
477.93275	0.99001
479.81438	0.99001
481.69602	0.99
483.57765	0.99
485.45928	0.99
487.34092	0.99
489.22255	0.99
491.10419	0.99
492.98582	0.99
494.86745	0.98999
496.74909	0.98999
498.63072	0.98999
500.51235	0.98999
502.39399	0.98999
504.27562	0.98999
506.15726	0.98999
508.03889	0.98999
509.92052	0.98999
511.80216	0.98999
513.68379	0.98999
515.56542	0.98999
517.44706	0.98999
519.32869	0.98999
521.21033	0.98999
523.09196	0.98999
524.97359	0.98999
526.85506	0.98999
528.73669	0.98999
530.61832	0.98999
532.49996	0.98999
534.38159	0.99
536.26322	0.99
538.14486	0.99
540.02649	0.99
541.90813	0.99
543.78976	0.99
545.67139	0.99
547.55303	0.99
549.43466	0.99
551.3163	0.99001
553.19793	0.99001
555.07956	0.99001
556.9612	0.99001
558.84283	0.99001
560.72446	0.99001
562.6061	0.99001
564.48773	0.99002
566.36937	0.99002
568.251	0.99002
570.13263	0.99002
572.01427	0.99002
573.8959	0.99002
575.77753	0.99003
577.65917	0.99003
579.5408	0.99003
581.42244	0.99003
583.30407	0.99003
585.1857	0.99003
587.06734	0.99003
588.94897	0.99004
590.83061	0.99004
592.71224	0.99004
594.59387	0.99004
596.47533	0.99004
598.35697	0.99004
600.2386	0.99005
602.12024	0.99005
604.00187	0.99005
605.8835	0.99005
607.76514	0.99005
609.64677	0.99005
611.5284	0.99005
613.41004	0.99006
615.29167	0.99006
617.17331	0.99006
619.05494	0.99006
620.93657	0.99006
622.81821	0.99006
624.69984	0.99006
626.58148	0.99006
628.46311	0.99006
630.34474	0.99007
632.22638	0.99007
634.10801	0.99007
635.98964	0.99007
637.87128	0.99007
639.75291	0.99007
641.63455	0.99007
643.51618	0.99007
645.39781	0.99007
647.27945	0.99007
649.16108	0.99007
651.04272	0.99007
652.92435	0.99007
654.80598	0.99007
656.68762	0.99007
658.56925	0.99007
660.45088	0.99007
662.33252	0.99007
664.21398	0.99007
666.09561	0.99007
667.97725	0.99007
669.85888	0.99007
671.74051	0.99007
673.62215	0.99007
675.50378	0.99007
677.38542	0.99007
679.26705	0.99006
681.14868	0.99006
683.03032	0.99006
684.91195	0.99006
686.79359	0.99006
688.67522	0.99006
690.55685	0.99006
692.43849	0.99006
694.32012	0.99006
696.20175	0.99005
698.08339	0.99005
699.96502	0.99005
701.84666	0.99005
703.72829	0.99005
705.60992	0.99005
707.49156	0.99004
709.37319	0.99004
711.25483	0.99004
713.13646	0.99004
715.01809	0.99004
716.89973	0.99003
718.78136	0.99003
720.66299	0.99003
722.54463	0.99003
724.42626	0.99002
726.3079	0.99002
728.18953	0.99002
730.07116	0.99002
731.9528	0.99001
733.83426	0.99001
735.71589	0.99001
737.59753	0.99001
739.47916	0.99
741.36079	0.99
743.24243	0.99
745.12406	0.98999
747.0057	0.98999
748.88733	0.98999
750.76896	0.98998
752.6506	0.98998
754.53223	0.98998
756.41386	0.98997
758.2955	0.98997
760.17713	0.98997
762.05877	0.98996
763.9404	0.98996
765.82203	0.98996
767.70367	0.98995
769.5853	0.98995
771.46694	0.98995
773.34857	0.98994
775.2302	0.98994
777.11184	0.98993
778.99347	0.98993
780.8751	0.98993
782.75674	0.98992
784.63837	0.98992
786.52001	0.98991
788.40164	0.98991
790.28327	0.9899
792.16491	0.9899
794.04654	0.98989
795.92818	0.98989
797.80981	0.98989
799.69144	0.98988
801.5729	0.98988
803.45454	0.98987
805.33617	0.98987
807.21781	0.98986
809.09944	0.98986
810.98107	0.98985
812.86271	0.98985
814.74434	0.98984
816.62597	0.98984
818.50761	0.98983
820.38924	0.98982
822.27088	0.98982
824.15251	0.98981
826.03414	0.98981
827.91578	0.9898
829.79741	0.9898
831.67905	0.98979
833.56068	0.98979
835.44231	0.98978
837.32395	0.98977
839.20558	0.98977
841.08721	0.98976
842.96885	0.98976
844.85048	0.98975
846.73212	0.98974
848.61375	0.98974
850.49538	0.98973
852.37702	0.98973
854.25865	0.98972
856.14028	0.98971
858.02192	0.98971
859.90355	0.9897
861.78519	0.98969
863.66682	0.98969
865.54845	0.98968
867.43009	0.98967
869.31172	0.98967
871.19318	0.98966
873.07482	0.98965
874.95645	0.98965
876.83808	0.98964
878.71972	0.98963
880.60135	0.98963
882.48299	0.98962
884.36462	0.98961
886.24625	0.9896
888.12789	0.9896
890.00952	0.98959
891.89116	0.98958
893.77279	0.98957
895.65442	0.98957
897.53606	0.98956
899.41769	0.98955
901.29932	0.98954
903.18096	0.98954
905.06259	0.98953
906.94423	0.98952
908.82586	0.98951
910.70749	0.98951
912.58913	0.9895
914.47076	0.98949
916.35239	0.98948
918.23403	0.98947
920.11566	0.98947
921.9973	0.98946
923.87893	0.98945
925.76056	0.98944
927.6422	0.98943
929.52383	0.98942
931.40547	0.98942
933.2871	0.98941
935.16873	0.9894
937.05037	0.98939
938.93183	0.98938
940.81346	0.98937
942.6951	0.98936
944.57673	0.98936
946.45836	0.98935
948.34	0.98934
950.22163	0.98933
952.10327	0.98932
953.9849	0.98931
955.86653	0.9893
957.74817	0.98929
959.6298	0.98928
961.51143	0.98928
963.39307	0.98927
965.2747	0.98926
967.15634	0.98925
969.03797	0.98924
970.9196	0.98923
972.80124	0.98922
974.68287	0.98921
976.5645	0.9892
978.44614	0.98919
980.32777	0.98918
982.20941	0.98917
984.09104	0.98916
985.97267	0.98915
987.85431	0.98914
989.73594	0.98913
991.61758	0.98912
993.49921	0.98911
995.38084	0.9891
997.26248	0.98909
999.14411	0.98908
1001.02574	0.98907
1002.90738	0.98906
1004.78901	0.98905
1006.67065	0.98904
1008.55211	0.98903
1010.43374	0.98902
1012.31537	0.98901
1014.19701	0.989
1016.07864	0.98899
1017.96028	0.98898
1019.84191	0.98897
1021.72354	0.98896
1023.60518	0.98895
1025.48681	0.98894
1027.36845	0.98893
1029.25008	0.98892
1031.13171	0.98891
1033.01335	0.9889
1034.89498	0.98888
1036.77661	0.98887
1038.65825	0.98886
1040.53988	0.98885
1042.42152	0.98884
1044.30315	0.98883
1046.18478	0.98882
1048.06642	0.98881
1049.94805	0.9888
1051.82969	0.98879
1053.71132	0.98877
1055.59295	0.98876
1057.47459	0.98875
1059.35622	0.98874
1061.23785	0.98873
1063.11949	0.98872
1065.00112	0.98871
1066.88276	0.98869
1068.76439	0.98868
1070.64602	0.98867
1072.52766	0.98866
1074.40929	0.98865
1076.29075	0.98864
1078.17239	0.98862
1080.05402	0.98861
1081.93565	0.9886
1083.81729	0.98859
1085.69892	0.98858
1087.58056	0.98857
1089.46219	0.98855
1091.34382	0.98854
1093.22546	0.98853
1095.10709	0.98852
1096.98872	0.9885
1098.87036	0.98849
1100.75199	0.98848
1102.63363	0.98847
1104.51526	0.98846
1106.39689	0.98844
1108.27853	0.98843
1110.16016	0.98842
1112.0418	0.98841
1113.92343	0.98839
1115.80506	0.98838
1117.6867	0.98837
1119.56833	0.98836
1121.44996	0.98834
1123.3316	0.98833
1125.21323	0.98832
1127.09487	0.98831
1128.9765	0.98829
1130.85813	0.98828
1132.73977	0.98827
1134.6214	0.98826
1136.50304	0.98824
1138.38467	0.98823
1140.2663	0.98822
1142.14794	0.9882
1144.02957	0.98819
1145.91103	0.98818
1147.79267	0.98816
1149.6743	0.98815
1151.55593	0.98814
1153.43757	0.98812
1155.3192	0.98811
1157.20083	0.9881
1159.08247	0.98809
1160.9641	0.98807
1162.84574	0.98806
1164.72737	0.98805
1166.609	0.98803
1168.49064	0.98802
1170.37227	0.988
1172.25391	0.98799
1174.13554	0.98798
1176.01717	0.98796
1177.89881	0.98795
1179.78044	0.98794
1181.66207	0.98792
1183.54371	0.98791
1185.42534	0.9879
1187.30698	0.98788
1189.18861	0.98787
1191.07024	0.98785
1192.95188	0.98784
1194.83351	0.98783
1196.71515	0.98781
1198.59678	0.9878
1200.47841	0.98779
1202.36005	0.98777
1204.24168	0.98776
1206.12331	0.98774
1208.00495	0.98773
1209.88658	0.98771
1211.76822	0.9877
1213.64985	0.98769
1215.53131	0.98767
1217.41294	0.98766
1219.29458	0.98764
1221.17621	0.98763
1223.05785	0.98762
1224.93948	0.9876
1226.82111	0.98759
1228.70275	0.98757
1230.58438	0.98756
1232.46602	0.98754
1234.34765	0.98753
1236.22928	0.98751
1238.11092	0.9875
1239.99255	0.98749
1241.87418	0.98747
1243.75582	0.98746
1245.63745	0.98744
1247.51909	0.98743
1249.40072	0.98741
1251.28235	0.9874
1253.16399	0.98738
1255.04562	0.98737
1256.92725	0.98735
1258.80889	0.98734
1260.69052	0.98732
1262.57216	0.98731
1264.45379	0.98729
1266.33542	0.98728
1268.21706	0.98726
1270.09869	0.98725
1271.98033	0.98723
1273.86196	0.98722
1275.74359	0.9872
1277.62523	0.98719
1279.50686	0.98717
1281.38849	0.98716
1283.26996	0.98714
1285.15159	0.98713
1287.03322	0.98711
1288.91486	0.9871
1290.79649	0.98708
1292.67813	0.98707
1294.55976	0.98705
1296.44139	0.98704
1298.32303	0.98702
1300.20466	0.98701
1302.08629	0.98699
1303.96793	0.98697
1305.84956	0.98696
1307.7312	0.98694
1309.61283	0.98693
1311.49446	0.98691
1313.3761	0.9869
1315.25773	0.98688
1317.13936	0.98687
1319.021	0.98685
1320.90263	0.98683
1322.78427	0.98682
1324.6659	0.9868
1326.54753	0.98679
1328.42917	0.98677
1330.3108	0.98676
1332.19244	0.98674
1334.07407	0.98672
1335.9557	0.98671
1337.83734	0.98669
1339.71897	0.98668
1341.6006	0.98666
1343.48224	0.98665
1345.36387	0.98663
1347.24551	0.98661
1349.12714	0.9866
1351.00877	0.98658
1352.89023	0.98657
1354.77187	0.98655
1356.6535	0.98653
1358.53514	0.98652
1360.41677	0.9865
1362.2984	0.98649
1364.18004	0.98647
1366.06167	0.98645
1367.94331	0.98644
1369.82494	0.98642
1371.70657	0.9864
1373.58821	0.98639
1375.46984	0.98637
1377.35147	0.98636
1379.23311	0.98634
1381.11474	0.98632
1382.99638	0.98631
1384.87801	0.98629
1386.75964	0.98627
1388.64128	0.98626
1390.52291	0.98624
1392.40455	0.98623
1394.28618	0.98621
1396.16781	0.98619
1398.04945	0.98618
1399.93108	0.98616
1401.81271	0.98614
1403.69435	0.98613
1405.57598	0.98611
1407.45762	0.98609
1409.33925	0.98608
1411.22088	0.98606
1413.10252	0.98604
1414.98415	0.98603
1416.86561	0.98601
1418.74725	0.98599
1420.62871	0.98598
1422.51034	0.98596
1424.3918	0.98594
1426.27326	0.98593
1428.1549	0.98591
1430.03636	0.98589
1431.91799	0.98588
1433.79945	0.98586
1435.68109	0.98584
1437.56255	0.98583
1439.44418	0.98581
1441.32564	0.98579
1443.20728	0.98578
1445.08874	0.98576
1446.97037	0.98574
1448.85183	0.98573
1450.73347	0.98571
1452.61493	0.98569
1454.49656	0.98568
1456.37802	0.98566
1458.25966	0.98564
1460.14112	0.98562
1462.02275	0.98561
1463.90421	0.98559
1465.78585	0.98557
1467.66731	0.98556
1469.54894	0.98554
1471.4304	0.98552
1473.31204	0.98551
1475.1935	0.98549
1477.07513	0.98547
1478.95659	0.98545
1480.83823	0.98544
1482.71969	0.98542
1484.60132	0.9854
1486.48278	0.98539
1488.36424	0.98537
1490.24588	0.98535
1492.12734	0.98533
1494.00897	0.98532
1495.89043	0.9853
1497.77207	0.98528
1499.65353	0.98527
1501.53516	0.98525
1503.41662	0.98523
1505.29826	0.98521
1507.17972	0.9852
1509.06135	0.98518
1510.94281	0.98516
1512.82445	0.98515
1514.70591	0.98513
1516.58754	0.98511
1518.469	0.98509
1520.35064	0.98508
1522.2321	0.98506
1524.11373	0.98504
1525.99519	0.98502
1527.87683	0.98501
1529.75829	0.98499
1531.63992	0.98497
1533.52138	0.98496
1535.40302	0.98494
1537.28448	0.98492
1539.16611	0.9849
1541.04757	0.98489
1542.92921	0.98487
1544.81067	0.98485
1546.69213	0.98483
1548.57376	0.98482
1550.45523	0.9848
1552.33686	0.98478
1554.21832	0.98476
1556.09995	0.98475
1557.98142	0.98473
1559.86305	0.98471
1561.74451	0.98469
1563.62614	0.98468
1565.50761	0.98466
1567.38924	0.98464
1569.2707	0.98462
1571.15233	0.98461
1573.0338	0.98459
1574.91543	0.98457
1576.79689	0.98455
1578.67852	0.98454
1580.55999	0.98452
1582.44162	0.9845
1584.32308	0.98448
1586.20471	0.98447
1588.08618	0.98445
1589.96781	0.98443
1591.84927	0.98441
1593.7309	0.9844
1595.61237	0.98438
1597.494	0.98436
1599.37546	0.98434
1601.25709	0.98433
1603.13856	0.98431
1605.02002	0.98429
1606.90165	0.98427
1608.78311	0.98426
1610.66475	0.98424
1612.54621	0.98422
1614.42784	0.9842
1616.3093	0.98419
1618.19094	0.98417
1620.0724	0.98415
1621.95403	0.98413
1623.83549	0.98411
1625.71713	0.9841
1627.59859	0.98408
1629.48022	0.98406
1631.36168	0.98404
1633.24332	0.98403
1635.12478	0.98401
1637.00641	0.98399
1638.88787	0.98397
1640.76951	0.98396
1642.65097	0.98394
1644.5326	0.98392
1646.41406	0.9839
1648.2957	0.98389
1650.17716	0.98387
1652.05879	0.98385
1653.94025	0.98383
1655.82189	0.98382
1657.70335	0.9838
1659.58498	0.98378
1661.46644	0.98376
1663.34808	0.98375
1665.22954	0.98373
1667.111	0.98371
1668.99263	0.98369
1670.87409	0.98367
1672.75573	0.98366
1674.63719	0.98364
1676.51882	0.98362
1678.40028	0.9836
1680.28192	0.98359
1682.16338	0.98357
1684.04501	0.98355
1685.92647	0.98353
1687.80811	0.98352
1689.68957	0.9835
1691.5712	0.98348
1693.45266	0.98346
1695.3343	0.98345
1697.21576	0.98343
1699.09739	0.98341
1700.97885	0.98339
1702.86049	0.98338
1704.74195	0.98336
1706.62358	0.98334
1708.50504	0.98332
1710.38668	0.98331
1712.26814	0.98329
1714.14977	0.98327
1716.03123	0.98325
1717.91287	0.98323
1719.79433	0.98322
1721.67596	0.9832
1723.55742	0.98318
1725.43906	0.98316
1727.31983	0.98315
1729.20198	0.98313
1731.08413	0.98311
1732.96456	0.98309
1734.84671	0.98308
1736.72886	0.98306
1738.60928	0.98304
1740.49144	0.98302
1742.37359	0.98301
1744.25401	0.98299
1746.13616	0.98297
1748.01832	0.98295
1749.89874	0.98294
1751.78089	0.98292
1753.66132	0.9829
1755.54347	0.98288
1757.42562	0.98287
1759.30605	0.98285
1761.1882	0.98283
1763.07035	0.98281
1764.95078	0.9828
1766.83293	0.98278
1768.71508	0.98276
1770.59551	0.98275
1772.47766	0.98273
1774.35981	0.98271
1776.24023	0.98269
1778.12239	0.98268
1780.00454	0.98266
1781.88496	0.98264
1783.76711	0.98262
1785.64754	0.98261
1787.52969	0.98259
1789.41184	0.98257
1791.29227	0.98255
1793.17442	0.98254
1795.05657	0.98252
1796.937	0.9825
1798.81915	0.98249
1800.7013	0.98247
1802.58173	0.98245
1804.46388	0.98243
1806.34603	0.98242
1808.22646	0.9824
1810.10861	0.98238
1811.99076	0.98236
1813.87118	0.98235
1815.75334	0.98233
1817.63549	0.98231
1819.51591	0.9823
1821.39806	0.98228
1823.27849	0.98226
1825.16064	0.98224
1827.04279	0.98223
1828.92322	0.98221
1830.80537	0.98219
1832.68752	0.98218
1834.56795	0.98216
1836.4501	0.98214
1838.33225	0.98212
1840.21268	0.98211
1842.09483	0.98209
1843.97698	0.98207
1845.85741	0.98206
1847.73956	0.98204
1849.62171	0.98202
1851.50213	0.98201
1853.38429	0.98199
1855.26471	0.98197
1857.14686	0.98196
1859.02901	0.98194
1860.90944	0.98192
1862.79159	0.9819
1864.67374	0.98189
1866.55417	0.98187
1868.43632	0.98185
1870.31847	0.98184
1872.1989	0.98182
1874.08105	0.9818
1875.9632	0.98179
1877.84363	0.98177
1879.72578	0.98175
1881.60793	0.98174
1883.48835	0.98172
1885.37051	0.9817
1887.25266	0.98169
1889.13308	0.98167
1891.01524	0.98165
1892.89566	0.98164
1894.77781	0.98162
1896.65996	0.9816
1898.54039	0.98159
1900.42254	0.98157
1902.30469	0.98155
1904.18512	0.98154
1906.06727	0.98152
1907.94942	0.9815
1909.82985	0.98149
1911.712	0.98147
1913.59415	0.98145
1915.47458	0.98144
1917.35673	0.98142
1919.23888	0.9814
1921.1193	0.98139
1923.00146	0.98137
1924.88188	0.98136
1926.76403	0.98134
1928.64619	0.98132
1930.52661	0.98131
1932.40876	0.98129
1934.29091	0.98127
1936.17134	0.98126
1938.05349	0.98124
1939.93564	0.98123
1941.81607	0.98121
1943.69822	0.98119
1945.58037	0.98118
1947.4608	0.98116
1949.34295	0.98114
1951.2251	0.98113
1953.10553	0.98111
1954.98768	0.9811
1956.86983	0.98108
1958.75025	0.98106
1960.63241	0.98105
1962.51283	0.98103
1964.39498	0.98102
1966.27714	0.981
1968.15756	0.98098
1970.03971	0.98097
1971.92186	0.98095
1973.80229	0.98094
1975.68444	0.98092
1977.56659	0.9809
1979.44702	0.98089
1981.32917	0.98087
1983.21132	0.98086
1985.09175	0.98084
1986.9739	0.98083
1988.85605	0.98081
1990.73648	0.98079
1992.61863	0.98078
1994.49905	0.98076
1996.3812	0.98075
1998.26336	0.98073
2000.14378	0.98072
2002.02593	0.9807
2003.90809	0.98069
2005.78851	0.98067
2007.67066	0.98065
2009.55281	0.98064
2011.43324	0.98062
2013.31539	0.98061
2015.19754	0.98059
2017.07797	0.98058
2018.96012	0.98056
2020.84227	0.98055
2022.7227	0.98053
2024.60485	0.98052
2026.48527	0.9805
2028.36743	0.98049
2030.24958	0.98047
2032.13	0.98046
2034.01215	0.98044
2035.89431	0.98043
2037.77473	0.98041
2039.65688	0.98039
2041.53904	0.98038
2043.41946	0.98036
2045.30161	0.98035
2047.18376	0.98033
2049.06419	0.98032
2050.94634	0.98031
2052.82849	0.98029
2054.70892	0.98028
2056.59107	0.98026
2058.47322	0.98025
2060.35365	0.98023
2062.2358	0.98022
2064.11622	0.9802
2065.99838	0.98019
2067.88053	0.98017
2069.76095	0.98016
2071.6431	0.98014
2073.52526	0.98013
2075.40568	0.98011
2077.28783	0.9801
2079.16999	0.98008
2081.05041	0.98007
2082.93256	0.98006
2084.81471	0.98004
2086.69514	0.98003
2088.57729	0.98001
2090.45944	0.98
2092.33987	0.97998
2094.22202	0.97997
2096.10244	0.97996
2097.9846	0.97994
2099.86675	0.97993
2101.74717	0.97991
2103.62933	0.9799
2105.51148	0.97988
2107.3919	0.97987
2109.27405	0.97986
2111.15621	0.97984
2113.03663	0.97983
2114.91878	0.97981
2116.80093	0.9798
2118.68136	0.97979
2120.56351	0.97977
2122.44566	0.97976
2124.32609	0.97974
2126.20824	0.97973
2128.09039	0.97972
2129.97082	0.9797
2131.85297	0.97969
2133.73339	0.97968
2135.61555	0.97966
2137.4977	0.97965
2139.37812	0.97964
2141.26028	0.97962
2143.14243	0.97961
2145.02285	0.9796
2146.905	0.97958
2148.78716	0.97957
2150.66758	0.97955
2152.54973	0.97954
2154.43188	0.97953
2156.31231	0.97951
2158.19446	0.9795
2160.07661	0.97949
2161.95704	0.97948
2163.83919	0.97946
2165.71962	0.97945
2167.60177	0.97944
2169.48392	0.97942
2171.36434	0.97941
2173.2465	0.9794
2175.12865	0.97938
2177.00907	0.97937
2178.89123	0.97936
2180.77338	0.97935
2182.6538	0.97933
2184.53595	0.97932
2186.41811	0.97931
2188.29853	0.97929
2190.18068	0.97928
2192.06283	0.97927
2193.94326	0.97926
2195.82541	0.97924
2197.70756	0.97923
2199.58799	0.97922
2201.47014	0.97921
2203.35057	0.97919
2205.23272	0.97918
2207.11487	0.97917
2208.99529	0.97916
2210.87745	0.97914
2212.7596	0.97913
2214.64002	0.97912
2216.52218	0.97911
2218.40433	0.9791
2220.28475	0.97908
2222.1669	0.97907
2224.04906	0.97906
2225.92948	0.97905
2227.81163	0.97904
2229.69378	0.97902
2231.57421	0.97901
2233.45636	0.979
2235.33679	0.97899
2237.21894	0.97898
2239.10109	0.97897
2240.98152	0.97895
2242.86367	0.97894
2244.74582	0.97893
2246.62624	0.97892
2248.5084	0.97891
2250.39055	0.9789
2252.27097	0.97888
2254.15312	0.97887
2256.03528	0.97886
2257.9157	0.97885
2259.79785	0.97884
2261.68001	0.97883
2263.56043	0.97882
2265.44258	0.97881
2267.32301	0.97879
2269.20516	0.97878
2271.08731	0.97877
2272.96774	0.97876
2274.84989	0.97875
2276.73204	0.97874
2278.61247	0.97873
2280.49462	0.97872
2282.37677	0.97871
2284.25719	0.9787
2286.13935	0.97869
2288.0215	0.97867
2289.90192	0.97866
2291.78407	0.97865
2293.66623	0.97864
2295.54665	0.97863
2297.4288	0.97862
2299.31096	0.97861
2301.19138	0.9786
2303.07353	0.97859
2304.95396	0.97858
2306.83611	0.97857
2308.71826	0.97856
2310.59869	0.97855
2312.48084	0.97854
2314.36299	0.97853
2316.24342	0.97852
2318.12557	0.97851
2320.00772	0.9785
2321.88814	0.97849
2323.7703	0.97848
2325.65245	0.97847
2327.53287	0.97846
2329.41502	0.97845
2331.29718	0.97844
2333.1776	0.97843
2335.05975	0.97842
2336.94018	0.97841
2338.82233	0.9784
2340.70448	0.97839
2342.58491	0.97838
2344.46706	0.97837
2346.34921	0.97837
2348.22964	0.97836
2350.11179	0.97835
2351.99394	0.97834
2353.87437	0.97833
2355.75652	0.97832
2357.63867	0.97831
2359.51909	0.9783
2361.40125	0.97829
2363.2834	0.97828
2365.16382	0.97827
2367.04597	0.97827
2368.92813	0.97826
2370.80855	0.97825
2372.6907	0.97824
2374.57113	0.97823
2376.45328	0.97822
2378.33543	0.97821
2380.21586	0.97821
2382.09801	0.9782
2383.98016	0.97819
2385.86059	0.97818
2387.74274	0.97817
2389.62489	0.97816
2391.50531	0.97816
2393.38747	0.97815
2395.26962	0.97814
2397.15004	0.97813
2399.0322	0.97812
2400.91435	0.97812
2402.79477	0.97811
2404.67692	0.9781
2406.55735	0.97809
2408.4395	0.97808
2410.32165	0.97808
2412.20208	0.97807
2414.08423	0.97806
2415.96638	0.97805
2417.84681	0.97805
2419.72896	0.97804
2421.61111	0.97803
2423.49154	0.97802
2425.37369	0.97802
2427.25584	0.97801
2429.13626	0.978
2431.01842	0.97799
2432.90057	0.97799
2434.78099	0.97798
2436.66315	0.97797
2438.5453	0.97797
2440.42572	0.97796
2442.30787	0.97795
2444.1883	0.97795
2446.07045	0.97794
2447.9526	0.97793
2449.83303	0.97793
2451.71518	0.97792
2453.59733	0.97791
2455.47776	0.97791
2457.35991	0.9779
2459.24206	0.97789
2461.12249	0.97789
2463.00464	0.97788
2464.88679	0.97787
2466.76721	0.97787
2468.64937	0.97786
2470.53152	0.97786
2472.41194	0.97785
2474.2941	0.97784
2476.17452	0.97784
2478.05667	0.97783
2479.93882	0.97783
2481.81925	0.97782
2483.7014	0.97782
2485.58355	0.97781
2487.46398	0.9778
2489.34613	0.9778
2491.22828	0.97779
2493.10871	0.97779
2494.99086	0.97778
2496.87301	0.97778
2498.75344	0.97777
2500.63559	0.97777
2502.51774	0.97776
2504.39816	0.97776
2506.28032	0.97775
2508.16074	0.97775
2510.04289	0.97774
2511.92505	0.97774
2513.80547	0.97773
2515.68762	0.97773
2517.56977	0.97772
2519.4502	0.97772
2521.33235	0.97771
2523.2145	0.97771
2525.09493	0.9777
2526.97708	0.9777
2528.85923	0.9777
2530.73966	0.97769
2532.62181	0.97769
2534.50396	0.97768
2536.38439	0.97768
2538.26654	0.97768
2540.14869	0.97767
2542.02911	0.97767
2543.91127	0.97766
2545.79169	0.97766
2547.67384	0.97766
2549.556	0.97765
2551.43642	0.97765
2553.31857	0.97765
2555.20072	0.97764
2557.08115	0.97764
2558.9633	0.97763
2560.84545	0.97763
2562.72588	0.97763
2564.60803	0.97762
2566.49018	0.97762
2568.37061	0.97762
2570.25276	0.97762
2572.13491	0.97761
2574.01534	0.97761
2575.89749	0.97761
2577.77791	0.9776
2579.66006	0.9776
2581.54222	0.9776
2583.42264	0.9776
2585.30479	0.97759
2587.18694	0.97759
2589.06737	0.97759
2590.94952	0.97759
2592.83167	0.97758
2594.7121	0.97758
2596.59425	0.97758
2598.4764	0.97758
2600.35683	0.97757
2602.23898	0.97757
2604.12113	0.97757
2606.00156	0.97757
2607.88371	0.97757
2609.76586	0.97757
2611.64629	0.97756
2613.52844	0.97756
2615.40886	0.97756
2617.29101	0.97756
2619.17317	0.97756
2621.05359	0.97756
2622.93574	0.97756
2624.81789	0.97755
2626.69832	0.97755
2628.58047	0.97755
2630.46262	0.97755
2632.34305	0.97755
2634.2252	0.97755
2636.10735	0.97755
2637.98778	0.97755
2639.86993	0.97755
2641.75208	0.97755
2643.63251	0.97754
2645.51466	0.97754
2647.39508	0.97754
2649.27724	0.97754
2651.15939	0.97754
2653.03981	0.97754
2654.92196	0.97754
2656.80412	0.97754
2658.68454	0.97754
2660.56669	0.97754
2662.44884	0.97754
2664.32927	0.97754
2666.21142	0.97754
2668.09357	0.97754
2669.974	0.97754
2671.85615	0.97754
2673.7383	0.97754
2675.61873	0.97754
2677.50088	0.97755
2679.38303	0.97755
2681.26346	0.97755
2683.14561	0.97755
2685.02603	0.97755
2686.90819	0.97755
2688.79034	0.97755
2690.67076	0.97755
2692.55291	0.97755
2694.43507	0.97755
2696.31549	0.97755
2698.19764	0.97756
2700.07979	0.97756
2701.96022	0.97756
2703.84237	0.97756
2705.72452	0.97756
2707.60495	0.97756
2709.4871	0.97757
