39.94674	1.
43.94141	0.99982
47.93608	0.99964
51.93076	0.99946
55.92543	0.99928
59.9201	0.99911
63.91478	0.99893
67.90945	0.99876
71.90413	0.99859
75.8988	0.99843
79.89347	0.99826
83.88815	0.9981
87.88282	0.99793
91.87749	0.99777
95.87217	0.99761
99.86682	0.99746
103.8615	0.9973
107.85617	0.99715
111.85083	0.997
115.8455	0.99685
119.84017	0.9967
123.83483	0.99656
127.8295	0.99641
131.82418	0.99627
135.81883	0.99613
139.8135	0.99599
143.80818	0.99585
147.80283	0.99572
151.79751	0.99558
155.79218	0.99545
159.78684	0.99532
163.78151	0.99519
167.77618	0.99506
171.77084	0.99494
175.76551	0.99481
179.76019	0.99469
183.75484	0.99457
187.74946	0.99445
191.74426	0.99433
195.73888	0.99422
199.7335	0.9941
203.72812	0.99399
207.72292	0.99388
211.71754	0.99377
215.71216	0.99366
219.70677	0.99355
223.70158	0.99344
227.6962	0.99334
231.69081	0.99324
235.68562	0.99314
239.68023	0.99304
243.67485	0.99294
247.66947	0.99284
251.66427	0.99274
255.65889	0.99265
259.65351	0.99256
263.64813	0.99247
267.64293	0.99238
271.63755	0.99229
275.63217	0.9922
279.62679	0.99211
283.62159	0.99203
287.61621	0.99194
291.61083	0.99186
295.60563	0.99178
299.60025	0.9917
303.59487	0.99162
307.58948	0.99155
311.58429	0.99147
315.57891	0.99139
319.57352	0.99132
323.56814	0.99125
327.56294	0.99118
331.55756	0.99111
335.55218	0.99104
339.5468	0.99097
343.5416	0.9909
347.53622	0.99084
351.53084	0.99077
355.52564	0.99071
359.52026	0.99065
363.51488	0.99059
367.5095	0.99053
371.5043	0.99047
375.49892	0.99041
379.49354	0.99036
383.48816	0.9903
387.48296	0.99024
391.47758	0.99019
395.47219	0.99014
399.46681	0.99009
403.46162	0.99004
407.45623	0.98999
411.45085	0.98994
415.44565	0.98989
419.44027	0.98984
423.43489	0.9898
427.42951	0.98975
431.42431	0.98971
435.41893	0.98966
439.41355	0.98962
443.40817	0.98958
447.40297	0.98954
451.39759	0.9895
455.39221	0.98946
459.38701	0.98942
463.38163	0.98939
467.37625	0.98935
471.37087	0.98931
475.36567	0.98928
479.36029	0.98925
483.3549	0.98921
487.34952	0.98918
491.34433	0.98915
495.33894	0.98912
499.33356	0.98909
503.32818	0.98906
507.32298	0.98903
511.3176	0.989
515.31222	0.98897
519.30702	0.98894
523.30164	0.98892
527.29626	0.98889
531.29088	0.98887
535.28568	0.98884
539.2803	0.98882
543.27492	0.98879
547.26954	0.98877
551.26434	0.98875
555.25896	0.98873
559.25358	0.98871
563.24819	0.98869
567.243	0.98867
571.23761	0.98865
575.23223	0.98863
579.22704	0.98861
583.22165	0.98859
587.21627	0.98857
591.21089	0.98856
595.20569	0.98854
599.20031	0.98852
603.19493	0.98851
607.18955	0.98849
611.18435	0.98848
615.17897	0.98846
619.17359	0.98845
623.16821	0.98844
627.16301	0.98842
631.15763	0.98841
635.15225	0.9884
639.14705	0.98838
643.14167	0.98837
647.13628	0.98836
651.1309	0.98835
655.12571	0.98834
659.12032	0.98833
663.11494	0.98832
667.10956	0.98831
671.10436	0.9883
675.09898	0.98829
679.0936	0.98828
683.08822	0.98827
687.08302	0.98826
691.07764	0.98825
695.07226	0.98824
699.06706	0.98823
703.06168	0.98822
707.0563	0.98821
711.05092	0.9882
715.04572	0.9882
719.04034	0.98819
723.03496	0.98818
727.02957	0.98817
731.02438	0.98816
735.01899	0.98816
739.01361	0.98815
743.00842	0.98814
747.00303	0.98813
750.99765	0.98813
754.99227	0.98812
758.98707	0.98811
762.98169	0.9881
766.97649	0.98809
770.97111	0.98809
774.96591	0.98808
778.96053	0.98807
782.95534	0.98806
786.94995	0.98806
790.94476	0.98805
794.93937	0.98804
798.93418	0.98803
802.9288	0.98802
806.9236	0.98802
810.91822	0.98801
814.91302	0.988
818.90764	0.98799
822.90244	0.98798
826.89724	0.98797
830.89186	0.98797
834.88666	0.98796
838.88128	0.98795
842.87608	0.98794
846.8707	0.98793
850.8655	0.98792
854.86012	0.98791
858.85492	0.98791
862.84954	0.9879
866.84435	0.98789
870.83896	0.98788
874.83377	0.98787
878.82838	0.98786
882.82319	0.98785
886.81781	0.98784
890.81261	0.98784
894.80723	0.98783
898.80203	0.98782
902.79665	0.98781
906.79145	0.9878
910.78607	0.98779
914.78087	0.98778
918.77549	0.98777
922.77029	0.98776
926.76491	0.98775
930.75971	0.98774
934.75433	0.98774
938.74913	0.98773
942.74375	0.98772
946.73855	0.98771
950.73317	0.9877
954.72797	0.98769
958.72259	0.98768
962.71739	0.98767
966.71201	0.98766
970.70682	0.98765
974.70143	0.98764
978.69624	0.98763
982.69085	0.98762
986.68566	0.98761
990.68028	0.9876
994.67508	0.98759
998.66988	0.98758
1002.6645	0.98758
1006.6593	0.98757
1010.65392	0.98756
1014.64872	0.98755
1018.64334	0.98754
1022.63814	0.98753
1026.63276	0.98752
1030.62756	0.98751
1034.62218	0.9875
1038.61698	0.98749
1042.6116	0.98748
1046.6064	0.98747
1050.60102	0.98746
1054.59582	0.98745
1058.59044	0.98744
1062.58525	0.98743
1066.57986	0.98742
1070.57467	0.98741
1074.56928	0.9874
1078.56409	0.98739
1082.55871	0.98738
1086.55351	0.98737
1090.54813	0.98736
1094.54293	0.98735
1098.53755	0.98734
1102.53235	0.98733
1106.52697	0.98732
1110.52177	0.98731
1114.51639	0.9873
1118.51119	0.98729
1122.50581	0.98728
1126.50061	0.98727
1130.49523	0.98726
1134.49003	0.98725
1138.48465	0.98724
1142.47945	0.98723
1146.47407	0.98722
1150.46887	0.98721
1154.46349	0.9872
1158.45829	0.98719
1162.45291	0.98718
1166.44772	0.98717
1170.44252	0.98716
1174.43714	0.98715
1178.43194	0.98714
1182.42656	0.98713
1186.42136	0.98712
1190.41598	0.98711
1194.41078	0.9871
1198.4054	0.98709
1202.4002	0.98708
1206.39482	0.98707
1210.38962	0.98706
1214.38424	0.98705
1218.37904	0.98704
1222.37366	0.98703
1226.36846	0.98702
1230.36308	0.98701
1234.35788	0.987
1238.3525	0.98699
1242.3473	0.98698
1246.34192	0.98697
1250.33673	0.98696
1254.33134	0.98695
1258.32615	0.98694
1262.32076	0.98693
1266.31557	0.98692
1270.31019	0.98691
1274.30499	0.9869
1278.29961	0.98689
1282.29441	0.98688
1286.28903	0.98687
1290.28383	0.98686
1294.27845	0.98685
1298.27325	0.98684
1302.26787	0.98683
1306.26267	0.98682
1310.25729	0.98681
1314.25209	0.9868
1318.24671	0.98679
1322.24151	0.98678
1326.23613	0.98677
1330.23093	0.98676
1334.22573	0.98675
1338.22035	0.98674
1342.21516	0.98673
1346.20977	0.98672
1350.20458	0.98671
1354.19919	0.9867
1358.194	0.98669
1362.18862	0.98668
1366.18342	0.98667
1370.17804	0.98666
1374.17284	0.98665
1378.16746	0.98664
1382.16226	0.98663
1386.15688	0.98663
1390.15168	0.98662
1394.1463	0.98661
1398.1411	0.9866
1402.13572	0.98659
1406.13052	0.98658
1410.12514	0.98657
1414.11994	0.98656
1418.11456	0.98655
1422.10936	0.98654
1426.10398	0.98653
1430.09878	0.98652
1434.0934	0.98651
1438.0882	0.9865
1442.08282	0.98649
1446.07763	0.98649
1450.07224	0.98648
1454.06705	0.98647
1458.06166	0.98646
1462.05647	0.98645
1466.05109	0.98644
1470.04589	0.98643
1474.04051	0.98642
1478.03531	0.98641
1482.02993	0.9864
1486.02473	0.9864
1490.01935	0.98639
1494.01415	0.98638
1498.00877	0.98637
1502.00357	0.98636
1505.99837	0.98635
1509.99299	0.98634
1513.98761	0.98633
1517.98223	0.98633
1521.97685	0.98632
1525.97147	0.98631
1529.96608	0.9863
1533.9607	0.98629
1537.95532	0.98628
1541.94994	0.98628
1545.94456	0.98627
1549.93918	0.98626
1553.9338	0.98625
1557.92841	0.98624
1561.92303	0.98623
1565.91765	0.98623
1569.91227	0.98622
1573.90689	0.98621
1577.90151	0.9862
1581.89612	0.98619
1585.89074	0.98619
1589.88536	0.98618
1593.87998	0.98617
1597.8746	0.98616
1601.86922	0.98615
1605.86384	0.98615
1609.85845	0.98614
1613.85307	0.98613
1617.84769	0.98612
1621.84231	0.98612
1625.83693	0.98611
1629.83155	0.9861
1633.82617	0.98609
1637.82078	0.98609
1641.8154	0.98608
1645.81002	0.98607
1649.80464	0.98607
1653.79926	0.98606
1657.79388	0.98605
1661.7885	0.98604
1665.78311	0.98604
1669.77773	0.98603
1673.77235	0.98602
1677.76715	0.98602
1681.76177	0.98601
1685.75639	0.986
1689.75101	0.986
1693.74563	0.98599
1697.74025	0.98598
1701.73486	0.98598
1705.72948	0.98597
1709.7241	0.98596
1713.71872	0.98596
1717.71334	0.98595
1721.70796	0.98595
1725.70258	0.98594
1729.69719	0.98593
1733.69181	0.98593
1737.68643	0.98592
1741.68105	0.98592
1745.67567	0.98591
1749.67029	0.9859
1753.66491	0.9859
1757.65952	0.98589
1761.65414	0.98589
1765.64876	0.98588
1769.64338	0.98588
1773.638	0.98587
1777.63262	0.98587
1781.62724	0.98586
1785.62185	0.98585
1789.61647	0.98585
1793.61109	0.98584
1797.60571	0.98584
1801.60033	0.98583
1805.59495	0.98583
1809.58957	0.98582
1813.58418	0.98582
1817.5788	0.98582
1821.57342	0.98581
1825.56804	0.98581
1829.56266	0.9858
1833.55728	0.9858
1837.55208	0.98579
1841.54688	0.98579
1845.54168	0.98578
1849.53649	0.98578
1853.53129	0.98578
1857.52425	0.98577
1861.51906	0.98577
1865.51386	0.98576
1869.50866	0.98576
1873.50346	0.98576
1877.49826	0.98575
1881.49307	0.98575
1885.48787	0.98575
1889.48267	0.98574
1893.47747	0.98574
1897.47044	0.98574
1901.46524	0.98573
1905.46004	0.98573
1909.45485	0.98573
1913.44965	0.98572
1917.44445	0.98572
1921.43925	0.98572
1925.43405	0.98572
1929.42886	0.98571
1933.42366	0.98571
1937.41846	0.98571
1941.41143	0.98571
1945.40623	0.9857
1949.40103	0.9857
1953.39583	0.9857
1957.39064	0.9857
1961.38544	0.98569
1965.38024	0.98569
1969.37504	0.98569
1973.36984	0.98569
1977.36465	0.98569
1981.35761	0.98569
1985.35241	0.98568
1989.34722	0.98568
1993.34202	0.98568
1997.33682	0.98568
2001.33162	0.98568
2005.32642	0.98568
2009.32123	0.98568
2013.31603	0.98568
2017.31083	0.98568
2021.3038	0.98568
2025.2986	0.98567
2029.2934	0.98567
2033.2882	0.98567
2037.28301	0.98567
2041.27781	0.98567
2045.27261	0.98567
2049.26741	0.98567
2053.26221	0.98567
2057.25702	0.98567
2061.24998	0.98567
2065.24478	0.98567
2069.23959	0.98567
2073.23439	0.98568
2077.22919	0.98568
2081.22399	0.98568
2085.2188	0.98568
2089.2136	0.98568
2093.2084	0.98568
2097.2032	0.98568
2101.19617	0.98568
2105.19097	0.98568
2109.18577	0.98568
2113.18057	0.98569
2117.17538	0.98569
2121.17018	0.98569
2125.16498	0.98569
2129.15978	0.98569
2133.15459	0.98569
2137.14939	0.9857
2141.14419	0.9857
2145.13716	0.9857
2149.13196	0.9857
2153.12676	0.98571
2157.12156	0.98571
2161.11636	0.98571
2165.11117	0.98571
2169.10597	0.98572
2173.10077	0.98572
2177.09557	0.98572
2181.09038	0.98573
2185.08334	0.98573
2189.07814	0.98573
2193.07295	0.98574
2197.06775	0.98574
2201.06255	0.98574
2205.05735	0.98575
2209.05215	0.98575
2213.04696	0.98576
2217.04176	0.98576
2221.03656	0.98577
2225.02953	0.98577
2229.02433	0.98577
2233.01913	0.98578
2237.01393	0.98578
2241.00874	0.98579
2245.00354	0.98579
2248.99834	0.9858
2252.99314	0.9858
2256.98794	0.98581
2260.98275	0.98581
2264.97571	0.98582
2268.97051	0.98583
2272.96532	0.98583
2276.96012	0.98584
2280.95492	0.98584
2284.94972	0.98585
2288.94452	0.98586
2292.93933	0.98586
2296.93413	0.98587
2300.92893	0.98588
2304.92373	0.98588
2308.9167	0.98589
2312.9115	0.9859
2316.9063	0.9859
2320.90111	0.98591
2324.89591	0.98592
2328.89071	0.98593
2332.88551	0.98593
2336.88031	0.98594
2340.87512	0.98595
2344.86992	0.98596
2348.86288	0.98597
2352.85769	0.98597
2356.85249	0.98598
2360.84729	0.98599
2364.84209	0.986
2368.8369	0.98601
2372.8317	0.98602
2376.8265	0.98603
2380.8213	0.98603
2384.8161	0.98604
2388.80907	0.98605
2392.80387	0.98606
2396.79867	0.98607
2400.79348	0.98608
2404.78828	0.98609
2408.78308	0.9861
2412.77788	0.98611
2416.77269	0.98612
2420.76749	0.98613
2424.76229	0.98614
2428.75526	0.98615
2432.75006	0.98617
2436.74486	0.98618
2440.73966	0.98619
2444.73446	0.9862
2448.72927	0.98621
2452.72407	0.98622
2456.71887	0.98623
2460.71367	0.98624
2464.70848	0.98626
2468.70328	0.98627
2472.69624	0.98628
2476.69105	0.98629
2480.68585	0.98631
2484.68065	0.98632
2488.67545	0.98633
2492.67025	0.98634
2496.66506	0.98636
2500.65986	0.98637
2504.65466	0.98638
2508.64946	0.9864
2512.64243	0.98641
2516.63723	0.98642
2520.63203	0.98644
2524.62684	0.98645
2528.62164	0.98647
2532.61644	0.98648
2536.61124	0.9865
2540.60604	0.98651
2544.60085	0.98652
2548.59565	0.98654
2552.58861	0.98655
2556.58342	0.98657
2560.57822	0.98658
2564.57302	0.9866
2568.56782	0.98662
2572.56263	0.98663
2576.55743	0.98665
2580.55223	0.98666
2584.54703	0.98668
2588.54183	0.9867
2592.5348	0.98671
2596.5296	0.98673
2600.5244	0.98675
2604.51921	0.98676
2608.51401	0.98678
2612.50881	0.9868
2616.50361	0.98682
2620.49841	0.98683
2624.49322	0.98685
2628.48802	0.98687
2632.48282	0.98689
2636.47579	0.9869
2640.47059	0.98692
2644.46539	0.98694
2648.46019	0.98696
2652.455	0.98698
2656.4498	0.987
2660.4446	0.98702
2664.4394	0.98704
2668.4342	0.98706
2672.42901	0.98708
2676.42197	0.9871
2680.41677	0.98712
2684.41158	0.98714
2688.40638	0.98716
2692.40118	0.98718
2696.39598	0.9872
2700.39079	0.98722
2704.38559	0.98724
2708.38039	0.98726
2712.37519	0.98728
2716.36816	0.9873
2720.36296	0.98732
2724.35776	0.98735
2728.35256	0.98737
2732.34737	0.98739
2736.34217	0.98741
2740.33697	0.98743
2744.33177	0.98746
2748.32658	0.98748
2752.32138	0.9875
2756.31434	0.98753
