26.72413	1.00001
53.44826	0.99877
80.17239	0.99758
106.8965	0.99645
133.6207	0.99538
160.3448	0.99436
187.0689	0.99338
213.7931	0.99246
240.5172	0.99158
267.2413	0.99075
293.9655	0.98995
320.6896	0.9892
347.4137	0.98849
374.1378	0.98781
400.8619	0.98717
427.5861	0.98656
454.3102	0.98598
481.0343	0.98543
507.7584	0.98491
534.4825	0.98441
561.2067	0.98394
587.9308	0.98349
614.6549	0.98305
641.379	0.98264
668.1031	0.98224
694.8273	0.98185
721.5514	0.98148
748.2755	0.98112
774.9996	0.98076
801.7238	0.98041
828.4479	0.98006
855.172	0.97972
881.8961	0.97938
908.6202	0.97903
935.3444	0.97869
962.0685	0.97833
988.7926	0.97797
1015.517	0.97761
1042.241	0.97723
1068.965	0.97683
1095.689	0.97643
1122.413	0.976
1149.137	0.97556
1175.861	0.97511
1202.586	0.97464
1229.31	0.97416
1256.034	0.97368
1282.758	0.97319
1309.482	0.97269
1336.206	0.97219
1362.93	0.97169
1389.654	0.97119
1416.379	0.9707
1443.103	0.97021
1469.827	0.96973
1496.551	0.96926
1523.275	0.9688
1549.999	0.96836
1576.723	0.96793
1603.447	0.96752
1630.172	0.96713
1656.896	0.96676
1683.62	0.96641
1710.344	0.96609
1737.068	0.96579
1763.792	0.96553
1790.516	0.9653
1817.24	0.9651
1843.964	0.96494
1870.689	0.96481
1897.413	0.96473
1924.137	0.96468
1950.861	0.96468
1977.585	0.96473
