38.48508	1
42.33359	0.9999
46.1821	0.99979
50.03061	0.99969
53.87912	0.99958
57.72763	0.99948
61.57614	0.99937
65.42465	0.99927
69.27314	0.99917
73.12165	0.99907
76.97016	0.99897
80.81867	0.99887
84.66718	0.99877
88.51569	0.99868
92.3642	0.99858
96.21271	0.99849
100.06122	0.99839
103.90973	0.9983
107.75824	0.9982
111.60673	0.99811
115.45524	0.99802
119.30375	0.99793
123.15226	0.99784
127.00077	0.99775
130.84928	0.99766
134.69779	0.99757
138.5463	0.99748
142.39481	0.9974
146.24332	0.99731
150.09183	0.99723
153.94032	0.99714
157.78883	0.99706
161.63734	0.99698
165.48585	0.99689
169.33436	0.99681
173.18287	0.99673
177.03138	0.99665
180.87989	0.99657
184.72847	0.99649
188.57689	0.99642
192.42549	0.99634
196.27391	0.99626
200.12251	0.99619
203.97093	0.99611
207.81953	0.99604
211.66795	0.99596
215.51655	0.99589
219.36497	0.99582
223.21338	0.99575
227.06199	0.99568
230.9104	0.99561
234.75901	0.99554
238.60742	0.99547
242.45603	0.9954
246.30444	0.99533
250.15304	0.99527
254.00146	0.9952
257.85006	0.99514
261.69848	0.99507
265.54708	0.99501
269.3955	0.99494
273.2441	0.99488
277.09252	0.99482
280.94112	0.99476
284.78954	0.9947
288.63814	0.99463
292.48656	0.99458
296.33516	0.99452
300.18358	0.99446
304.03218	0.9944
307.8806	0.99434
311.7292	0.99429
315.57762	0.99423
319.42622	0.99418
323.27464	0.99412
327.12324	0.99407
330.97166	0.99401
334.82026	0.99396
338.66868	0.99391
342.51728	0.99386
346.3657	0.99381
350.2143	0.99375
354.06272	0.99371
357.91132	0.99366
361.75974	0.99361
365.60834	0.99356
369.45676	0.99351
373.30536	0.99346
377.15378	0.99342
381.00238	0.99337
384.8508	0.99333
388.6994	0.99328
392.54782	0.99324
396.39642	0.99319
400.24502	0.99315
404.09344	0.99311
407.94204	0.99307
411.79046	0.99303
415.63906	0.99299
419.48766	0.99295
423.33608	0.99291
427.18468	0.99287
431.0331	0.99283
434.8817	0.99279
438.7303	0.99275
442.57872	0.99272
446.42732	0.99268
450.27592	0.99264
454.12434	0.99261
457.97294	0.99257
461.82136	0.99254
465.66996	0.9925
469.51856	0.99247
473.36698	0.99244
477.21558	0.99241
481.064	0.99237
484.9126	0.99234
488.7612	0.99231
492.60962	0.99228
496.45822	0.99225
500.30682	0.99222
504.15524	0.99219
508.00384	0.99216
511.85226	0.99214
515.70086	0.99211
519.54947	0.99208
523.39788	0.99206
527.24649	0.99203
531.0949	0.992
534.9435	0.99198
538.79211	0.99195
542.64052	0.99193
546.48913	0.99191
550.33754	0.99188
554.18615	0.99186
558.03475	0.99184
561.88317	0.99181
565.73177	0.99179
569.58037	0.99177
573.42879	0.99175
577.27739	0.99173
581.12581	0.99171
584.97441	0.99169
588.82301	0.99167
592.67143	0.99165
596.52003	0.99164
600.36845	0.99162
604.21705	0.9916
608.06565	0.99158
611.91407	0.99157
615.76267	0.99155
619.61127	0.99154
623.45969	0.99152
627.30829	0.99151
631.15671	0.99149
635.00531	0.99148
638.85391	0.99146
642.70233	0.99145
646.55093	0.99144
650.39935	0.99142
654.24795	0.99141
658.09655	0.9914
661.94497	0.99139
665.79357	0.99138
669.64217	0.99137
673.49059	0.99136
677.33919	0.99135
681.18761	0.99134
685.03621	0.99133
688.88481	0.99132
692.73323	0.99131
696.58183	0.9913
700.43025	0.99129
704.27885	0.99129
708.12746	0.99128
711.97587	0.99127
715.82448	0.99126
719.67289	0.99126
723.52149	0.99125
727.3701	0.99125
731.21851	0.99124
735.06712	0.99124
738.91572	0.99123
742.76414	0.99123
746.61274	0.99122
750.46116	0.99122
754.30976	0.99122
758.15836	0.99121
762.00678	0.99121
765.85538	0.99121
769.7038	0.9912
773.5524	0.9912
777.401	0.9912
781.24942	0.9912
785.09802	0.9912
788.94662	0.9912
792.79504	0.9912
796.64364	0.9912
800.49206	0.9912
804.34066	0.9912
808.18926	0.9912
812.03768	0.9912
815.88628	0.9912
819.7347	0.9912
823.5833	0.9912
827.4319	0.9912
831.28032	0.99121
835.12892	0.99121
838.97734	0.99121
842.82594	0.99121
846.67454	0.99122
850.52296	0.99122
854.37156	0.99122
858.22016	0.99123
862.06858	0.99123
865.91718	0.99123
869.7656	0.99124
873.6142	0.99124
877.46281	0.99125
881.31122	0.99125
885.15982	0.99126
889.00824	0.99126
892.85684	0.99127
896.70545	0.99127
900.55386	0.99128
904.40247	0.99129
908.25107	0.99129
912.09949	0.9913
915.94809	0.99131
919.7965	0.99131
923.64511	0.99132
927.49371	0.99133
931.34213	0.99133
935.19073	0.99134
939.03915	0.99135
942.88775	0.99136
946.73635	0.99137
950.58477	0.99137
954.43337	0.99138
958.28197	0.99139
962.13039	0.9914
965.97899	0.99141
969.82741	0.99142
973.67601	0.99143
977.52461	0.99144
981.37303	0.99145
985.22163	0.99146
989.07005	0.99147
992.91865	0.99148
996.76725	0.99149
1000.61567	0.9915
1004.46427	0.99151
1008.31269	0.99152
1012.16129	0.99153
1016.00989	0.99154
1019.85831	0.99155
1023.70691	0.99156
1027.55551	0.99157
1031.40393	0.99158
1035.25253	0.99159
1039.10095	0.9916
1042.94955	0.99161
1046.79815	0.99163
1050.64657	0.99164
1054.49517	0.99165
1058.34359	0.99166
1062.19219	0.99167
1066.0408	0.99168
1069.88921	0.9917
1073.73782	0.99171
1077.58642	0.99172
1081.43483	0.99173
1085.28344	0.99174
1089.13185	0.99176
1092.98046	0.99177
1096.82906	0.99178
1100.67748	0.99179
1104.52608	0.99181
1108.3745	0.99182
1112.2231	0.99183
1116.0717	0.99184
1119.92012	0.99186
1123.76872	0.99187
1127.61714	0.99188
1131.46574	0.9919
1135.31434	0.99191
1139.16276	0.99192
1143.01136	0.99193
1146.85996	0.99195
1150.70838	0.99196
1154.55698	0.99197
1158.4054	0.99198
1162.254	0.992
1166.1026	0.99201
1169.95102	0.99202
1173.79962	0.99204
1177.64804	0.99205
1181.49664	0.99206
1185.34524	0.99208
1189.19366	0.99209
1193.04226	0.9921
1196.89086	0.99211
1200.73928	0.99213
1204.58788	0.99214
1208.4363	0.99215
1212.2849	0.99216
1216.1335	0.99218
1219.98192	0.99219
1223.83052	0.9922
1227.67894	0.99222
1231.52754	0.99223
1235.37614	0.99224
1239.22456	0.99225
1243.07316	0.99227
1246.92158	0.99228
1250.77018	0.99229
1254.61879	0.9923
1258.4672	0.99231
1262.31581	0.99233
1266.16441	0.99234
1270.01282	0.99235
1273.86143	0.99236
1277.70984	0.99237
1281.55845	0.99239
1285.40705	0.9924
1289.25547	0.99241
1293.10407	0.99242
1296.95249	0.99243
1300.80109	0.99244
1304.64969	0.99246
1308.49811	0.99247
1312.34671	0.99248
1316.19531	0.99249
1320.04373	0.9925
1323.89233	0.99251
1327.74075	0.99252
1331.58935	0.99253
1335.43795	0.99254
1339.28637	0.99255
1343.13497	0.99256
1346.98339	0.99257
1350.83199	0.99258
1354.68059	0.99259
1358.52901	0.9926
1362.37761	0.99261
1366.22621	0.99262
1370.07463	0.99263
1373.92323	0.99264
1377.77165	0.99265
1381.62025	0.99266
1385.46885	0.99267
1389.31727	0.99267
1393.16587	0.99268
1397.01429	0.99269
1400.86289	0.9927
1404.71149	0.99271
1408.55991	0.99271
1412.40851	0.99272
1416.25693	0.99273
1420.10553	0.99274
1423.95414	0.99274
1427.80255	0.99275
1431.65115	0.99276
1435.49976	0.99276
1439.34817	0.99277
1443.19678	0.99277
1447.04519	0.99278
1450.8938	0.99279
1454.7424	0.99279
1458.59082	0.9928
1462.43942	0.9928
1466.28783	0.99281
1470.13644	0.99281
1473.98504	0.99282
1477.83346	0.99282
1481.68206	0.99282
1485.53066	0.99283
1489.37908	0.99283
1493.22768	0.99283
1497.0761	0.99284
1500.9247	0.99284
1504.7733	0.99284
1508.62172	0.99285
1512.47014	0.99285
1516.31855	0.99285
1520.16697	0.99285
1524.01539	0.99285
1527.86381	0.99285
1531.71223	0.99286
1535.56083	0.99286
1539.40925	0.99286
1543.25766	0.99286
1547.10608	0.99286
1550.9545	0.99286
1554.80292	0.99286
1558.65134	0.99286
1562.49975	0.99286
1566.34835	0.99286
1570.19677	0.99286
1574.04519	0.99286
1577.89361	0.99285
1581.74203	0.99285
1585.59044	0.99285
1589.43886	0.99285
1593.28728	0.99285
1597.13588	0.99285
1600.9843	0.99284
1604.83272	0.99284
1608.68114	0.99284
1612.52955	0.99284
1616.37797	0.99283
1620.22639	0.99283
1624.07481	0.99283
1627.92341	0.99282
1631.77183	0.99282
1635.62025	0.99282
1639.46866	0.99281
1643.31708	0.99281
1647.1655	0.9928
1651.01392	0.9928
1654.86234	0.99279
1658.71094	0.99279
1662.55935	0.99278
1666.40777	0.99278
1670.25619	0.99277
1674.10461	0.99277
1677.95303	0.99276
1681.80144	0.99275
1685.64986	0.99275
1689.49846	0.99274
1693.34688	0.99274
1697.1953	0.99273
1701.04372	0.99272
1704.89214	0.99272
1708.74055	0.99271
1712.58897	0.9927
1716.43739	0.99269
1720.28599	0.99269
1724.13441	0.99268
1727.98283	0.99267
1731.83125	0.99266
1735.67966	0.99265
1739.52808	0.99265
1743.3765	0.99264
1747.22492	0.99263
1751.07352	0.99262
1754.92194	0.99261
1758.77035	0.9926
1762.61877	0.99259
1766.46719	0.99258
1770.31561	0.99257
1774.16403	0.99256
1778.01244	0.99256
1781.86105	0.99255
1785.70946	0.99254
1789.55788	0.99252
1793.4063	0.99251
1797.25472	0.9925
1801.10314	0.99249
1804.95155	0.99248
1808.79997	0.99247
1812.64857	0.99246
1816.49699	0.99245
1820.34541	0.99244
1824.19383	0.99243
1828.04225	0.99242
1831.89066	0.9924
1835.73908	0.99239
1839.58713	0.99238
1843.43684	0.99237
1847.2847	0.99236
1851.13257	0.99234
1854.98044	0.99233
1858.83014	0.99232
1862.67801	0.99231
1866.52587	0.99229
1870.37558	0.99228
1874.22344	0.99227
1878.07131	0.99226
1881.92102	0.99224
1885.76888	0.99223
1889.61675	0.99222
1893.46645	0.9922
1897.31432	0.99219
1901.16219	0.99217
1905.01189	0.99216
1908.85976	0.99215
1912.70762	0.99213
1916.55549	0.99212
1920.4052	0.9921
1924.25306	0.99209
1928.10093	0.99208
1931.95063	0.99206
1935.7985	0.99205
1939.64637	0.99203
1943.49607	0.99202
1947.34394	0.992
1951.1918	0.99199
1955.04151	0.99197
1958.88937	0.99196
1962.73724	0.99194
1966.58695	0.99193
1970.43481	0.99191
1974.28268	0.99189
1978.13055	0.99188
1981.98025	0.99186
1985.82812	0.99185
1989.67598	0.99183
1993.52569	0.99181
1997.37355	0.9918
2001.22142	0.99178
2005.07112	0.99177
2008.91899	0.99175
2012.76686	0.99173
2016.61656	0.99172
2020.46443	0.9917
2024.3123	0.99168
2028.162	0.99167
2032.00987	0.99165
2035.85773	0.99163
2039.7056	0.99162
2043.5553	0.9916
2047.40317	0.99158
2051.25104	0.99156
2055.10074	0.99155
2058.94861	0.99153
2062.79648	0.99151
2066.64618	0.99149
2070.49405	0.99148
2074.34191	0.99146
2078.19162	0.99144
2082.03948	0.99142
2085.88735	0.99141
2089.73705	0.99139
2093.58492	0.99137
2097.43279	0.99135
2101.28066	0.99133
2105.13036	0.99132
2108.97823	0.9913
2112.82609	0.99128
2116.6758	0.99126
2120.52366	0.99124
2124.37153	0.99123
2128.22123	0.99121
2132.0691	0.99119
2135.91697	0.99117
2139.76667	0.99115
2143.61454	0.99113
2147.46241	0.99111
2151.31211	0.9911
2155.15998	0.99108
2159.00784	0.99106
2162.85571	0.99104
2166.70541	0.99102
2170.55328	0.991
2174.40115	0.99098
2178.25085	0.99096
2182.09872	0.99094
2185.94659	0.99093
2189.79629	0.99091
2193.64416	0.99089
2197.49202	0.99087
2201.34173	0.99085
2205.18959	0.99083
2209.03746	0.99081
2212.88716	0.99079
2216.73503	0.99077
2220.5829	0.99075
2224.43077	0.99073
2228.28047	0.99071
2232.12834	0.99069
2235.9762	0.99068
2239.82591	0.99066
2243.67377	0.99064
2247.52164	0.99062
2251.37134	0.9906
2255.21921	0.99058
2259.06708	0.99056
2262.91678	0.99054
2266.76465	0.99052
2270.61252	0.9905
2274.46222	0.99048
2278.31009	0.99046
2282.15795	0.99044
2286.00582	0.99042
2289.85552	0.9904
2293.70339	0.99038
2297.55126	0.99036
2301.40096	0.99034
2305.24883	0.99032
2309.0967	0.9903
2312.9464	0.99028
2316.79427	0.99026
2320.64213	0.99024
2324.49184	0.99022
2328.3397	0.9902
2332.18757	0.99019
2336.03727	0.99017
2339.88514	0.99015
2343.73301	0.99013
2347.58087	0.99011
2351.43058	0.99009
2355.27845	0.99007
2359.12631	0.99005
2362.97602	0.99003
2366.82388	0.99001
2370.67175	0.98999
2374.52145	0.98997
2378.36932	0.98995
2382.21719	0.98993
2386.06689	0.98991
2389.91476	0.98989
2393.76262	0.98987
2397.61233	0.98985
2401.4602	0.98983
2405.30806	0.98981
2409.15593	0.98979
2413.00563	0.98977
2416.8535	0.98975
2420.70137	0.98974
2424.55107	0.98972
2428.39894	0.9897
2432.2468	0.98968
2436.09651	0.98966
2439.94438	0.98964
2443.79224	0.98962
2447.64195	0.9896
2451.48981	0.98958
2455.33768	0.98956
2459.18738	0.98954
2463.03525	0.98952
2466.88312	0.98951
2470.73098	0.98949
2474.58069	0.98947
2478.42855	0.98945
2482.27642	0.98943
2486.12613	0.98941
2489.97399	0.98939
2493.82186	0.98937
2497.67156	0.98936
2501.51943	0.98934
2505.3673	0.98932
2509.217	0.9893
2513.06487	0.98928
2516.91273	0.98926
2520.76244	0.98924
2524.6103	0.98923
2528.45817	0.98921
2532.30604	0.98919
2536.15574	0.98917
2540.00361	0.98915
2543.85148	0.98913
2547.70118	0.98912
2551.54905	0.9891
2555.39691	0.98908
2559.24662	0.98906
2563.09448	0.98905
2566.94235	0.98903
2570.79206	0.98901
2574.63992	0.98899
2578.48779	0.98898
2582.33749	0.98896
2586.18536	0.98894
2590.03323	0.98892
2593.88109	0.98891
2597.7308	0.98889
2601.57866	0.98887
2605.42653	0.98885
2609.27623	0.98884
2613.1241	0.98882
2616.97197	0.9888
2620.82167	0.98879
2624.66954	0.98877
2628.51741	0.98875
2632.36711	0.98874
2636.21498	0.98872
2640.06284	0.9887
2643.91255	0.98869
2647.76041	0.98867
2651.60828	0.98866
2655.45615	0.98864
2659.30585	0.98862
2663.15372	0.98861
2667.00159	0.98859
2670.85129	0.98858
2674.69916	0.98856
2678.54702	0.98855
2682.39673	0.98853
2686.24459	0.98852
2690.09246	0.9885
2693.94216	0.98849
2697.79003	0.98847
2701.6379	0.98846
2705.4876	0.98844
2709.33547	0.98843
2713.18334	0.98841
2717.0312	0.9884
2720.88091	0.98838
2724.72877	0.98837
2728.57664	0.98835
2732.42634	0.98834
2736.27421	0.98833
2740.12208	0.98831
2743.97178	0.9883
2747.81965	0.98828
2751.66752	0.98827
2755.51722	0.98826
2759.36509	0.98824
2763.21295	0.98823
2767.06266	0.98822
2770.91052	0.98821
2774.75839	0.98819
2778.60626	0.98818
2782.45596	0.98817
2786.30383	0.98815
2790.1517	0.98814
2794.0014	0.98813
2797.84927	0.98812
2801.69713	0.98811
2805.54684	0.98809
2809.3947	0.98808
2813.24257	0.98807
2817.09227	0.98806
2820.94014	0.98805
2824.78801	0.98804
2828.63771	0.98802
2832.48558	0.98801
2836.33345	0.988
2840.18131	0.98799
2844.03102	0.98798
2847.87888	0.98797
2851.72675	0.98796
2855.57645	0.98795
2859.42432	0.98794
2863.27219	0.98793
2867.12189	0.98792
2870.96976	0.98791
2874.81763	0.9879
2878.66733	0.98789
2882.5152	0.98788
2886.36306	0.98787
2890.21277	0.98786
2894.06063	0.98786
2897.9085	0.98785
2901.75637	0.98784
2905.60607	0.98783
2909.45394	0.98782
2913.3018	0.98781
2917.15151	0.98781
2920.99938	0.9878
2924.84724	0.98779
2928.69695	0.98778
2932.54481	0.98778
2936.39268	0.98777
2940.24238	0.98776
2944.09025	0.98776
2947.93812	0.98775
2951.78782	0.98774
2955.63569	0.98774
2959.48356	0.98773
2963.33142	0.98772
2967.18113	0.98772
2971.02899	0.98771
2974.87686	0.98771
2978.72656	0.9877
2982.57443	0.9877
2986.4223	0.98769
2990.272	0.98769
2994.11987	0.98768
2997.96773	0.98768
3001.81744	0.98767
3005.66531	0.98767
3009.51317	0.98766
3013.36288	0.98766
3017.21074	0.98766
3021.05861	0.98765
3024.90831	0.98765
3028.75618	0.98765
3032.60405	0.98764
3036.45375	0.98764
3040.30162	0.98764
3044.14948	0.98764
3047.99735	0.98763
3051.84706	0.98763
3055.69492	0.98763
3059.54279	0.98763
3063.39249	0.98763
3067.24036	0.98763
3071.08823	0.98763
3074.93793	0.98763
3078.7858	0.98762
3082.63366	0.98762
3086.48337	0.98762
3090.33124	0.98762
3094.1791	0.98762
3098.02881	0.98762
3101.87667	0.98762
3105.72454	0.98763
3109.57241	0.98763
3113.42211	0.98763
3117.26998	0.98763
3121.11784	0.98763
3124.96755	0.98763
3128.81541	0.98763
3132.66328	0.98764
