67.54494	1
70.76136	0.99978
73.97779	0.99956
77.19421	0.99934
80.41064	0.99912
83.62706	0.9989
86.84351	0.99869
90.05993	0.99847
93.27634	0.99826
96.49276	0.99804
99.70919	0.99783
102.92561	0.99762
106.14202	0.99741
109.35844	0.9972
112.57487	0.99699
115.79129	0.99678
119.0077	0.99657
122.22413	0.99637
125.44055	0.99616
128.65698	0.99596
131.87338	0.99575
135.08981	0.99555
138.30623	0.99535
141.52266	0.99515
144.73907	0.99494
147.95549	0.99475
151.17192	0.99455
154.38834	0.99435
157.60475	0.99415
160.82117	0.99396
164.0376	0.99376
167.25402	0.99357
170.47043	0.99337
173.68687	0.99318
176.90328	0.99299
180.11969	0.9928
183.3361	0.99261
186.5525	0.99242
189.76891	0.99223
192.98532	0.99205
196.20173	0.99186
199.41831	0.99167
202.63471	0.99149
205.85112	0.99131
209.06753	0.99112
212.28394	0.99094
215.50034	0.99076
218.71675	0.99058
221.93316	0.9904
225.14957	0.99022
228.36597	0.99004
231.58238	0.98987
234.79879	0.98969
238.0152	0.98951
241.2316	0.98934
244.44818	0.98917
247.66459	0.98899
250.881	0.98882
254.09741	0.98865
257.31381	0.98848
260.53022	0.98831
263.74663	0.98814
266.96304	0.98797
270.17945	0.98781
273.39585	0.98764
276.61226	0.98747
279.82867	0.98731
283.04508	0.98714
286.26166	0.98698
289.47806	0.98682
292.69447	0.98666
295.91088	0.9865
299.12729	0.98634
302.34369	0.98618
305.5601	0.98602
308.77651	0.98586
311.99292	0.9857
315.20932	0.98555
318.42573	0.98539
321.64214	0.98524
324.85855	0.98508
328.07513	0.98493
331.29153	0.98478
334.50794	0.98462
337.72435	0.98447
340.94076	0.98432
344.15716	0.98417
347.37357	0.98402
350.58998	0.98388
353.80639	0.98373
357.0228	0.98358
360.23938	0.98344
363.45578	0.98329
366.67219	0.98315
369.8886	0.983
373.10501	0.98286
376.32159	0.98272
379.53799	0.98258
382.7544	0.98244
385.97081	0.9823
389.18722	0.98216
392.4038	0.98202
395.6202	0.98188
398.83661	0.98175
402.05302	0.98161
405.26943	0.98147
408.48601	0.98134
411.70241	0.9812
414.91882	0.98107
418.13523	0.98094
421.35164	0.98081
424.56822	0.98067
427.78463	0.98054
431.00103	0.98041
434.21744	0.98028
437.43385	0.98016
440.65043	0.98003
443.86684	0.9799
447.08324	0.97977
450.29965	0.97965
453.51606	0.97952
456.73264	0.9794
459.94905	0.97927
463.16545	0.97915
466.38186	0.97903
469.59827	0.97891
472.81485	0.97879
476.03126	0.97866
479.24766	0.97855
482.46407	0.97843
485.68048	0.97831
488.89706	0.97819
492.11347	0.97807
495.32988	0.97796
498.54628	0.97784
501.76269	0.97772
504.97927	0.97761
508.19568	0.9775
511.41209	0.97738
514.62849	0.97727
517.8449	0.97716
521.06148	0.97704
524.27789	0.97693
527.4943	0.97682
530.7107	0.97671
533.92711	0.9766
537.14352	0.9765
540.3601	0.97639
543.57651	0.97628
546.79291	0.97617
550.00932	0.97607
553.22573	0.97596
556.44231	0.97586
559.65872	0.97575
562.87512	0.97565
566.09153	0.97555
569.30794	0.97545
572.52452	0.97534
575.74093	0.97524
578.95734	0.97514
582.17374	0.97504
585.39015	0.97494
588.60673	0.97484
591.82314	0.97474
595.03955	0.97465
598.25595	0.97455
601.47236	0.97445
604.68894	0.97436
607.90535	0.97426
611.12176	0.97417
614.33816	0.97407
617.55457	0.97398
620.77115	0.97389
623.98756	0.97379
627.20397	0.9737
630.42037	0.97361
633.63678	0.97352
636.85336	0.97343
640.06977	0.97334
643.28618	0.97325
646.50259	0.97316
649.71899	0.97307
652.93557	0.97298
656.15198	0.9729
659.36839	0.97281
662.5848	0.97272
665.8012	0.97264
669.01778	0.97255
672.23419	0.97247
675.4506	0.97239
678.66701	0.9723
681.88341	0.97222
685.09999	0.97214
688.3164	0.97205
691.53281	0.97197
694.74922	0.97189
697.96562	0.97181
701.1822	0.97173
704.39861	0.97165
707.61502	0.97157
710.83143	0.97149
714.04784	0.97142
717.26424	0.97134
720.48065	0.97126
723.69689	0.97119
726.91329	0.97111
730.1297	0.97103
733.34611	0.97096
736.56252	0.97089
739.77892	0.97081
742.99533	0.97074
746.21174	0.97066
749.42815	0.97059
752.64455	0.97052
755.86096	0.97045
759.07737	0.97038
762.29378	0.97031
765.51018	0.97024
768.72659	0.97017
771.943	0.9701
775.15941	0.97003
778.37581	0.96996
781.59222	0.96989
784.80863	0.96982
788.02504	0.96976
791.24127	0.96969
794.45768	0.96962
797.67409	0.96956
800.89049	0.96949
804.1069	0.96943
807.32331	0.96936
810.53972	0.9693
813.75612	0.96923
816.97253	0.96917
820.18894	0.96911
823.40535	0.96905
826.62175	0.96898
829.83816	0.96892
833.05457	0.96886
836.27098	0.9688
839.48739	0.96874
842.70379	0.96868
845.9202	0.96862
849.13661	0.96856
852.35302	0.9685
855.56942	0.96844
858.78583	0.96839
862.00207	0.96833
865.21847	0.96827
868.43488	0.96821
871.65129	0.96816
874.8677	0.9681
878.0841	0.96805
881.30051	0.96799
884.51692	0.96794
887.73333	0.96788
890.94973	0.96783
894.16614	0.96777
897.38255	0.96772
900.59896	0.96767
903.81536	0.96762
907.03177	0.96756
910.24818	0.96751
913.46459	0.96746
916.68099	0.96741
919.8974	0.96736
923.11381	0.96731
926.33022	0.96726
929.54645	0.96721
932.76286	0.96716
935.97927	0.96711
939.19567	0.96706
942.41208	0.96701
945.62849	0.96696
948.8449	0.96691
952.06131	0.96687
955.27771	0.96682
958.49412	0.96677
961.71053	0.96673
964.92694	0.96668
968.14334	0.96663
971.35975	0.96659
974.57616	0.96654
977.79257	0.9665
981.00897	0.96645
984.22538	0.96641
987.44179	0.96637
990.6582	0.96632
993.8746	0.96628
997.09084	0.96624
1000.30725	0.96619
1003.52365	0.96615
1006.74006	0.96611
1009.95647	0.96607
1013.17288	0.96602
1016.38928	0.96598
1019.60569	0.96594
1022.8221	0.9659
1026.03851	0.96586
1029.25491	0.96582
1032.47132	0.96578
1035.68773	0.96574
1038.90414	0.9657
1042.12054	0.96566
1045.33695	0.96562
1048.55336	0.96558
1051.76977	0.96555
1054.98617	0.96551
1058.20258	0.96547
1061.41899	0.96543
1064.63522	0.9654
1067.85163	0.96536
1071.06804	0.96532
1074.28445	0.96529
1077.50086	0.96525
1080.71726	0.96521
1083.93367	0.96518
1087.15008	0.96514
1090.36649	0.96511
1093.58289	0.96507
1096.7993	0.96504
1100.01571	0.965
1103.23212	0.96497
1106.44852	0.96493
1109.66493	0.9649
1112.88134	0.96486
1116.09775	0.96483
1119.31415	0.9648
1122.53056	0.96476
1125.74697	0.96473
1128.96338	0.9647
1132.17978	0.96467
1135.39602	0.96463
1138.61243	0.9646
1141.82883	0.96457
1145.04524	0.96454
1148.26165	0.96451
1151.47806	0.96447
1154.69446	0.96444
1157.91087	0.96441
1161.12728	0.96438
1164.34369	0.96435
1167.56009	0.96432
1170.7765	0.96429
1173.99291	0.96426
1177.20932	0.96423
1180.42573	0.9642
1183.64213	0.96417
1186.85854	0.96414
1190.07495	0.96411
1193.29136	0.96408
1196.50776	0.96405
1199.72417	0.96403
1202.94041	0.964
1206.15681	0.96397
1209.37322	0.96394
1212.58963	0.96391
1215.80604	0.96388
1219.02244	0.96386
1222.23885	0.96383
1225.45526	0.9638
1228.67167	0.96377
1231.88807	0.96375
1235.10448	0.96372
1238.32089	0.96369
1241.5373	0.96366
1244.7537	0.96364
1247.97011	0.96361
1251.18652	0.96358
1254.40293	0.96356
1257.61933	0.96353
1260.83574	0.96351
1264.05215	0.96348
1267.26856	0.96345
1270.48496	0.96343
1273.7012	0.9634
1276.91761	0.96338
1280.13401	0.96335
1283.35042	0.96333
1286.56683	0.9633
1289.78324	0.96327
1292.99964	0.96325
1296.21605	0.96322
1299.43246	0.9632
1302.64887	0.96317
1305.86528	0.96315
1309.08168	0.96313
1312.29809	0.9631
1315.5145	0.96308
1318.73091	0.96305
1321.94731	0.96303
1325.16372	0.963
1328.38013	0.96298
1331.59654	0.96295
1334.81294	0.96293
1338.02935	0.96291
1341.24559	0.96288
1344.46199	0.96286
1347.6784	0.96283
1350.89481	0.96281
1354.11122	0.96279
1357.32762	0.96276
1360.54403	0.96274
1363.76044	0.96272
1366.97685	0.96269
1370.19325	0.96267
1373.40966	0.96264
1376.62607	0.96262
1379.84248	0.9626
1383.05888	0.96257
1386.27529	0.96255
1389.4917	0.96253
1392.70811	0.9625
1395.92451	0.96248
1399.14092	0.96246
1402.35733	0.96243
1405.57374	0.96241
1408.78997	0.96239
1412.00638	0.96236
1415.22279	0.96234
1418.4392	0.96232
1421.6556	0.96229
1424.87201	0.96227
1428.08842	0.96225
1431.30483	0.96222
1434.52123	0.9622
1437.73764	0.96218
1440.95405	0.96215
1444.17046	0.96213
1447.38686	0.96211
1450.60327	0.96209
1453.81968	0.96206
1457.03609	0.96204
1460.25249	0.96202
1463.4689	0.96199
1466.68531	0.96197
1469.90172	0.96194
1473.11812	0.96192
1476.33436	0.9619
1479.55077	0.96187
1482.76717	0.96185
1485.98358	0.96183
1489.19999	0.9618
1492.4164	0.96178
1495.6328	0.96176
1498.84921	0.96173
1502.06562	0.96171
1505.28203	0.96168
1508.49843	0.96166
1511.71484	0.96164
1514.93125	0.96161
1518.14766	0.96159
1521.36406	0.96156
1524.58047	0.96154
1527.79688	0.96152
1531.01329	0.96149
1534.2297	0.96147
1537.4461	0.96144
1540.66251	0.96142
1543.87892	0.96139
1547.09515	0.96137
1550.31156	0.96134
1553.52797	0.96132
1556.74438	0.96129
1559.96078	0.96127
1563.17719	0.96124
1566.3936	0.96122
1569.61001	0.96119
1572.82641	0.96117
1576.04282	0.96114
1579.25923	0.96111
1582.47564	0.96109
1585.69204	0.96106
1588.90845	0.96104
1592.12486	0.96101
1595.34127	0.96098
1598.55767	0.96096
1601.77408	0.96093
1604.99049	0.9609
1608.2069	0.96088
1611.4233	0.96085
1614.63954	0.96082
1617.85595	0.9608
1621.07235	0.96077
1624.28876	0.96074
1627.50517	0.96071
1630.72158	0.96069
1633.93798	0.96066
1637.15439	0.96063
1640.3708	0.9606
1643.58721	0.96057
1646.80362	0.96055
1650.02002	0.96052
1653.23643	0.96049
1656.45284	0.96046
1659.66925	0.96043
1662.88565	0.9604
1666.10206	0.96037
1669.31847	0.96034
1672.53488	0.96031
1675.75128	0.96028
1678.96769	0.96025
1682.1841	0.96022
1685.40033	0.96019
1688.61674	0.96016
1691.83315	0.96013
1695.04956	0.9601
1698.26596	0.96007
1701.48237	0.96004
1704.69878	0.96
1707.91519	0.95997
1711.13159	0.95994
1714.348	0.95991
1717.56441	0.95988
1720.78082	0.95984
1723.99722	0.95981
1727.21277	0.95978
1730.42969	0.95975
1733.64662	0.95971
1736.86355	0.95968
1740.07874	0.95965
1743.29567	0.95962
1746.5126	0.95958
1749.72779	0.95955
1752.94472	0.95952
1756.16165	0.95948
1759.37684	0.95945
1762.59377	0.95942
1765.8107	0.95938
1769.02762	0.95935
1772.24282	0.95931
1775.45975	0.95928
1778.67667	0.95925
1781.89187	0.95921
1785.1088	0.95918
1788.32572	0.95914
1791.54092	0.95911
1794.75785	0.95908
1797.97477	0.95904
1801.18997	0.95901
1804.4069	0.95897
1807.62382	0.95894
1810.84075	0.9589
1814.05595	0.95887
1817.27287	0.95884
1820.4898	0.9588
1823.705	0.95877
1826.92192	0.95873
1830.13885	0.9587
1833.35405	0.95867
1836.57097	0.95863
1839.7879	0.9586
1843.00482	0.95856
1846.22002	0.95853
1849.43695	0.9585
1852.65387	0.95846
1855.86907	0.95843
1859.086	0.95839
1862.30292	0.95836
1865.51812	0.95833
1868.73505	0.95829
1871.95197	0.95826
1875.16717	0.95823
1878.3841	0.95819
1881.60102	0.95816
1884.81795	0.95813
1888.03315	0.9581
1891.25007	0.95806
1894.467	0.95803
1897.6822	0.958
1900.89912	0.95797
1904.11605	0.95793
1907.33125	0.9579
1910.54817	0.95787
1913.7651	0.95784
1916.98202	0.95781
1920.19722	0.95778
1923.41415	0.95774
1926.63107	0.95771
1929.84627	0.95768
1933.0632	0.95765
1936.28012	0.95762
1939.49532	0.95759
1942.71225	0.95756
1945.92917	0.95753
1949.14437	0.9575
1952.3613	0.95747
1955.57822	0.95744
1958.79515	0.95741
1962.01035	0.95738
1965.22727	0.95735
1968.4442	0.95733
1971.6594	0.9573
1974.87632	0.95727
1978.09325	0.95724
1981.30845	0.95722
1984.52537	0.95719
1987.7423	0.95716
1990.9575	0.95713
1994.17442	0.95711
1997.39135	0.95708
2000.60828	0.95706
2003.82347	0.95703
2007.0404	0.95701
2010.25733	0.95698
2013.47252	0.95696
2016.68945	0.95693
2019.90638	0.95691
2023.12157	0.95688
2026.3385	0.95686
2029.55543	0.95684
2032.77235	0.95681
2035.98755	0.95679
2039.20448	0.95677
2042.4214	0.95675
2045.6366	0.95673
2048.85353	0.95671
2052.07045	0.95669
2055.28565	0.95667
2058.50258	0.95665
2061.7195	0.95663
2064.9347	0.95661
2068.15163	0.95659
2071.36855	0.95657
2074.58548	0.95655
2077.80068	0.95653
2081.0176	0.95652
2084.23453	0.9565
2087.44973	0.95648
2090.66665	0.95647
2093.88358	0.95645
2097.09878	0.95644
2100.3157	0.95642
2103.53263	0.95641
2106.74955	0.9564
2109.96475	0.95638
2113.18168	0.95637
2116.3986	0.95636
2119.6138	0.95635
2122.83073	0.95633
2126.04765	0.95632
2129.26285	0.95631
2132.47978	0.9563
2135.6967	0.95629
2138.9119	0.95628
2142.12883	0.95628
2145.34575	0.95627
2148.56268	0.95626
2151.77788	0.95625
2154.9948	0.95625
2158.21173	0.95624
2161.42693	0.95623
2164.64385	0.95623
2167.86078	0.95623
2171.07598	0.95622
2174.2929	0.95622
2177.50983	0.95622
2180.72675	0.95621
2183.94195	0.95621
2187.15888	0.95621
2190.3758	0.95621
2193.591	0.95621
2196.80793	0.95621
2200.02485	0.95621
2203.24005	0.95621
2206.45698	0.95622
2209.67391	0.95622
2212.8891	0.95622
2216.10603	0.95623
2219.32296	0.95623
2222.53988	0.95624
2225.75508	0.95624
2228.97201	0.95625
2232.18893	0.95626
2235.40413	0.95627
2238.62106	0.95627
2241.83798	0.95628
2245.05318	0.95629
2248.27011	0.9563
2251.48703	0.95632
2254.70396	0.95633
2257.91916	0.95634
2261.13608	0.95635
2264.35301	0.95637
2267.56821	0.95638
2270.78513	0.9564
2274.00206	0.95641
2277.21726	0.95643
2280.43418	0.95645
2283.65111	0.95647
2286.86631	0.95648
2290.08323	0.9565
2293.30016	0.95652
2296.51708	0.95654
2299.73228	0.95657
2302.94921	0.95659
2306.16613	0.95661
2309.38133	0.95664
2312.59826	0.95666
2315.81518	0.95669
2319.03038	0.95671
2322.24731	0.95674
