25.87349	0.99999
32.72352	0.99976
39.57356	0.99952
46.42359	0.99929
53.27362	0.99906
60.12365	0.99883
66.97368	0.99861
73.82371	0.99838
80.67374	0.99816
87.52377	0.99795
94.3738	0.99773
101.22384	0.99752
108.07387	0.9973
114.92392	0.9971
121.77395	0.99689
128.62398	0.99668
135.47401	0.99648
142.32406	0.99628
149.17409	0.99608
156.02412	0.99589
162.87417	0.9957
169.7242	0.9955
176.57416	0.99531
183.42433	0.99513
190.27433	0.99494
197.12433	0.99476
203.97432	0.99458
210.82432	0.9944
217.67432	0.99422
224.52448	0.99405
231.37448	0.99388
238.22448	0.99371
245.07447	0.99354
251.92447	0.99337
258.77447	0.99321
265.62464	0.99305
272.47463	0.99289
279.32463	0.99273
286.17463	0.99257
293.02462	0.99242
299.87462	0.99226
306.72479	0.99211
313.57479	0.99196
320.42478	0.99182
327.27478	0.99167
334.12478	0.99153
340.97477	0.99139
347.82494	0.99125
354.67494	0.99111
361.52494	0.99097
368.37493	0.99084
375.22493	0.9907
382.07493	0.99057
388.9251	0.99044
395.77509	0.99032
402.62509	0.99019
409.47509	0.99007
416.32508	0.98994
423.17508	0.98982
430.02525	0.9897
436.87525	0.98959
443.72524	0.98947
450.57524	0.98936
457.42524	0.98924
464.27523	0.98913
471.1254	0.98902
477.9754	0.98892
484.8254	0.98881
491.67539	0.9887
498.52539	0.9886
505.37539	0.9885
512.22556	0.9884
519.07555	0.9883
525.92555	0.9882
532.77555	0.98811
539.62554	0.98801
546.47554	0.98792
553.32571	0.98783
560.1757	0.98774
567.0257	0.98765
573.8757	0.98756
580.72569	0.98747
587.57569	0.98739
594.42586	0.9873
601.27586	0.98722
608.12585	0.98714
614.97585	0.98706
621.82585	0.98698
628.67584	0.98691
635.52601	0.98683
642.37601	0.98675
649.22601	0.98668
656.076	0.98661
662.926	0.98654
669.776	0.98647
676.62617	0.9864
683.47616	0.98633
690.32616	0.98626
697.17616	0.9862
704.02615	0.98613
710.87615	0.98607
717.72632	0.98601
724.57632	0.98595
731.42649	0.98589
738.27648	0.98583
745.12648	0.98577
751.97665	0.98571
758.82665	0.98566
765.67681	0.9856
772.52681	0.98555
779.37698	0.98549
786.22698	0.98544
793.07697	0.98539
799.92714	0.98534
806.77714	0.98529
813.62731	0.98524
820.47731	0.98519
827.3273	0.98515
834.17747	0.9851
841.02747	0.98506
847.87764	0.98501
854.72764	0.98497
861.57763	0.98493
868.4278	0.98488
875.2778	0.98484
882.12797	0.9848
888.97796	0.98476
895.82796	0.98472
902.67813	0.98468
909.52813	0.98465
916.3783	0.98461
923.22829	0.98457
930.07846	0.98454
936.92846	0.9845
943.77846	0.98447
950.62862	0.98443
957.47862	0.9844
964.32879	0.98437
971.17879	0.98434
978.02878	0.98431
984.87895	0.98427
991.72895	0.98424
998.57912	0.98421
1005.42912	0.98418
1012.27911	0.98416
1019.12928	0.98413
1025.97928	0.9841
1032.82945	0.98407
1039.67945	0.98404
1046.52961	0.98402
1053.37961	0.98399
1060.22961	0.98397
1067.07978	0.98394
1073.92977	0.98392
1080.77994	0.98389
1087.62994	0.98387
1094.47994	0.98384
1101.33011	0.98382
1108.1801	0.98379
1115.03027	0.98377
1121.88027	0.98375
1128.73027	0.98373
1135.58044	0.9837
1142.43043	0.98368
1149.2806	0.98366
1156.1306	0.98364
1162.98059	0.98362
1169.83076	0.98359
1176.68076	0.98357
1183.53093	0.98355
1190.38093	0.98353
1197.2311	0.98351
1204.08109	0.98349
1210.93109	0.98347
1217.78126	0.98345
1224.63126	0.98343
1231.48143	0.98341
1238.33142	0.98339
1245.18142	0.98337
1252.03159	0.98335
1258.88158	0.98333
1265.73175	0.98331
1272.58175	0.98328
1279.43175	0.98326
1286.28192	0.98324
1293.13191	0.98322
1299.98208	0.9832
1306.83208	0.98318
1313.68225	0.98316
1320.53225	0.98314
1327.38224	0.98312
1334.23241	0.9831
1341.08241	0.98308
1347.93258	0.98305
1354.78257	0.98303
1361.63257	0.98301
1368.48274	0.98299
1375.33274	0.98297
1382.18291	0.98294
1389.0329	0.98292
1395.8829	0.9829
1402.73307	0.98287
1409.58307	0.98285
1416.43306	0.98283
1423.28306	0.9828
1430.13306	0.98278
1436.98305	0.98275
1443.83305	0.98273
1450.68305	0.9827
1457.53304	0.98267
1464.38304	0.98265
1471.23304	0.98262
1478.08286	0.98259
1484.93286	0.98256
1491.78285	0.98254
1498.63285	0.98251
1505.48285	0.98248
1512.33284	0.98245
1519.18284	0.98242
1526.03284	0.98239
1532.88283	0.98236
1539.73283	0.98233
1546.58283	0.9823
1553.43282	0.98227
1560.28282	0.98224
1567.13265	0.9822
1573.98264	0.98217
1580.83264	0.98214
1587.68264	0.98211
1594.53263	0.98208
1601.38263	0.98205
1608.23263	0.98202
1615.08262	0.98199
1621.93262	0.98196
1628.78262	0.98193
1635.63261	0.9819
1642.48261	0.98187
1649.33261	0.98184
1656.18243	0.98181
1663.03243	0.98178
1669.88242	0.98175
1676.73242	0.98173
1683.58242	0.9817
1690.43241	0.98167
1697.28241	0.98164
1704.13241	0.98162
1710.9824	0.98159
1717.8324	0.98157
1724.6824	0.98154
1731.53308	0.98152
1738.38308	0.9815
1745.23308	0.98147
1752.08307	0.98145
1758.93307	0.98143
1765.78307	0.98141
1772.63306	0.98139
1779.48306	0.98137
1786.33133	0.98136
1793.18133	0.98134
1800.03132	0.98132
1806.88132	0.98131
1813.73132	0.9813
1820.58131	0.98128
1827.43131	0.98127
1834.28131	0.98126
1841.1313	0.98125
1847.9813	0.98124
1854.8313	0.98123
1861.68129	0.98123
1868.53129	0.98122
1875.38129	0.98122
1882.23128	0.98122
1889.08128	0.98122
1895.93128	0.98122
1902.78127	0.98122
1909.63127	0.98122
1916.48127	0.98123
1923.33126	0.98123
1930.18126	0.98124
1937.03126	0.98125
1943.88126	0.98126
1950.73125	0.98127
1957.58125	0.98129
1964.43125	0.9813
1971.28124	0.98132
1978.13124	0.98134
1984.98124	0.98136
1991.83123	0.98138
1998.68123	0.9814
2005.53123	0.98143
2012.38122	0.98146
2019.23122	0.98149
2026.08122	0.98152
2032.93121	0.98155
2039.78121	0.98159
2046.63121	0.98162
2053.4812	0.98166
2060.3312	0.9817
2067.1812	0.98175
2074.03119	0.98179
2080.88119	0.98184
2087.73119	0.98189
2094.58118	0.98194
2101.43118	0.982
2108.28118	0.98205
2115.13117	0.98211
2121.98117	0.98217
2128.83117	0.98224
2135.68116	0.9823
2142.53116	0.98237
2149.38116	0.98244
2156.23115	0.98252
2163.08115	0.98259
2169.93115	0.98267
