0	5.17548E17
0.16667	5.50218E17
0.33333	5.48562E17
0.5	5.49565E17
0.66667	5.60243E17
0.83333	2.22608E17
1	1.92862E16
1.33333	6.87294E15
1.66667	1.60041E15
2	1.60158E15
2.33333	1.36694E14
2.66667	1.36559E14
3	9.52113E13
3.33333	9.77606E12
3.66667	6.76619E12
4	4.64023E12
4.33333	3.69679E12
4.66667	3.22253E12
5	2.62828E12
5.5	2.16803E12
6	1.52618E12
6.5	1.04109E12
7	9.06519E11
7.5	7.57242E11
8	6.68554E11
8.5	5.8214E11
9	5.06895E11
9.5	4.47527E11
10	3.73833E11
10.5	3.63627E11
11	3.73833E11
11.5	2.91394E11
12	2.87389E11
12.5	2.83439E11
13	2.36765E11
13.5	2.20934E11
14	2.14902E11
14.5	1.82016E11
15	1.79514E11
15.5	1.65209E11
16	1.41877E11
16.5	1.36107E11
17	1.25261E11
17.5	1.01777E11
18	1.03196E11
18.5	8.86219E10
19	9.89985E10
19.5	8.04386E10
20	7.50602E10
21	6.81292E10
22	5.53566E10
23	5.0245E10
24	4.31492E10
25	4.25561E10
26	3.91648E10
27	3.75719E10
28	3.18223E10
29	3.18223E10
30	3.27155E10
31	3.41026E10
32	3.09535E10
33	3.01085E10
34	3.05281E10
35	2.73283E10
36	2.62168E10
37	2.62168E10
38	2.41276E10
39	2.37959E10
40	2.44638E10
41	2.31463E10
42	2.31463E10
43	2.18996E10
44	2.34688E10
45	2.37959E10
46	2.31463E10
47	2.34688E10
48	2.15986E10
49	2.1009E10
50	1.85484E10
51	1.8042E10
52	1.9069E10
53	1.9069E10
54.5	1.82934E10
56	1.7794E10
57.5	1.82934E10
59	1.96042E10
60.5	1.73082E10
62	1.387E10
63	1.7794E10
64	1.68356E10
65	1.75494E10
66	1.68356E10
68	1.82934E10
70	1.88069E10
