0	5.13371E17
0.33333	5.16577E17
0.66667	4.42367E17
1	7.84821E15
1.33333	4.21358E15
1.66667	1.74357E15
2	1.14528E14
2.33333	7.47513E13
2.66667	4.33149E13
3	3.38042E13
3.33333	2.78899E13
3.66667	2.38149E13
4	2.08938E13
4.5	1.86482E13
5	1.57632E13
5.5	1.33245E13
6	1.12631E13
6.5	9.55032E12
7	7.93332E12
7.5	6.83527E12
8	6.03467E12
8.5	4.66065E12
9	3.30598E12
9.5	2.91176E12
10	2.5013E12
10.5	2.31665E12
11	2.04142E12
11.5	1.78449E12
12	1.51946E12
12.5	1.3583E12
13	1.22994E12
13.5	1.08121E12
14	9.63218E11
14.5	9.05903E11
15	8.60105E11
15.5	7.78362E11
16	7.09328E11
16.5	6.82449E11
17	6.79016E11
17.5	6.20204E11
18	6.03994E11
18.5	5.37095E11
19	4.84032E11
19.5	4.61259E11
20	4.57703E11
21	3.90665E11
22	3.53607E11
23	3.2078E11
24	2.67652E11
25	2.40742E11
26	2.16935E11
27	1.93295E11
28	1.93338E11
29	1.97669E11
30	1.81611E11
31	1.74118E11
32	1.57886E11
33	1.49967E11
34	1.33423E11
35	1.22154E11
36	1.17087E11
37	1.05784E11
38	1.0266E11
39	9.98743E10
41.5	8.14292E10
43	8.07602E10
44.5	6.82414E10
46	5.93806E10
47.5	5.15963E10
49	4.6393E10
51	4.14805E10
53	3.72747E10
55	3.26244E10
57	2.99573E10
59	2.83439E10
60	2.757E10
63	2.3351E10
66	2.27135E10