0	5.23723E17
0.5	4.74414E17
1	4.37104E17
2.20226	1.24946E17
5.30692	1.20317E15
6.48237	2.5501E14
5.12407	1.85018E15
6.14279	3.8336E14
8.47054	1.48078E14
6.5	3.16228E14
10.18387	1.23539E14
8.13623	1.75494E14
7.31824	2.01038E14
9.51525	1.20772E14
11.39574	8.21777E13
9.26452	1.60294E14
9.05558	1.23539E14
12.06435	7.67796E13
12.5	6.77872E13
13	6.934E13
13.5	7.25531E13
14	4.71814E13
14.5	3.89192E13
15	3.28393E13
15.5	2.89931E13
16	2.73971E13
16.5	2.04097E13
17	1.78164E13
30.17414	3.56828E12
32.21158	2.09561E12
44.3535	7.12862E11
46.18198	4.97418E11
48.16282	4.83837E11
55	1.73736E11
56	1.49201E11
60.72268	8.45907E10
68	3.39313E10
72	2.36765E10
76	1.87125E10
82	1.67511E10
33	2.04869E12
34	1.89256E12
35	1.72864E12
36	1.78838E12
37	1.63348E12
38	1.46411E12
39	1.2062E12
40	1.11008E12
42	9.27285E11
48.03222	3.93129E11
49.99129	2.70546E11
52.25512	2.32338E11
54	1.86185E11
55.2155	1.76158E11
58	1.11568E11
60	8.57696E10
62.13757	7.26444E10
64	5.1396E10
66	4.41376E10
67.36178	3.73833E10
70.32216	3.03748E10
74.13148	2.00533E10
78.0714	1.77047E10
80	1.77047E10
17.5	1.8642E13
18	1.60496E13
18.5	1.19864E13
19	1.13266E13
19.5	8.8288E12
20	9.8874E12
21	9.23791E12
22	7.20074E12
23	6.96022E12
24	5.67673E12
25	6.42979E12
26	6.2858E12
27	4.57779E12
28	4.52624E12
29	3.56828E12
30	3.73363E12
31	3.56828E12
32	2.65822E12
36	2.11948E12
2.5	3.71E16
3	2.58E16
3.5	1.15E16