0	5.33543226314641E17
0.0833333333333333	5.33565943239911E17
0.166666666666667	5.21899930752437E17
0.25	5.12912350908305E17
0.333333333333333	5.18709230472004E17
0.416666666666667	5.30225312538873E17
0.5	5.21955273983027E17
0.583333333333333	5.14378700846793E17
0.666666666666667	4.88024960189176E17
0.75	4.33838085978771E17
0.833333333333333	2.53943239910883E17
0.916666666666667	1.20043129896383E17
1	1.55246444079481E16
1.08333333333333	2.07299789849625E16
1.16666666666667	2.91446046620385E15
1.25	2.09120984563712E15
1.33333333333333	1.63669058288353E15
1.41666666666667	1.26878548953661E15
1.5	1.1062480759423E15
1.58333333333333	767593931184538
1.66666666666667	621757511342490
1.75	545764517557043
1.83333333333333	474984161162035
1.91666666666667	422373814907699
2	346071484491366
2.08333333333333	302319495066835
2.16666666666667	419871466297754
2.25	349974146790195
2.33333333333333	337717105367450
2.41666666666667	201955162141491
2.5	168511320374219
2.58333333333333	158512945735688
2.66666666666667	191821230427341
2.75	177448418489139
2.83333333333333	136228587228365
2.91666666666667	130110535499776
3	120237477750374
3.16666666666667	99562807099392
3.33333333333333	91750906671923.2
3.5	80447273330278.4
3.66666666666667	75445286050201.6
3.83333333333333	67657022622924.8
4	59077882072268.8
4.16666666666667	56035808326451.2
4.33333333333333	63328553100468.7
4.5	55656934483323.6
4.66666666666667	51999999999999.5
4.83333333333333	53071104388328.9
5	40991853741649.3
5.16666666666667	38039081869716.1
5.33333333333333	37271360376292
5.5	34753203299942.4
5.58333333333333	30641316744396.8
5.66666666666667	29355540270284.8
5.75	28731921504665.6
5.83333333333333	28570843663564.8
5.91666666666667	28413866174054.4
6	27540960208486.4
6.16666666666667	25485994308403.2
6.33333333333333	23001696514867.2
6.5	20857299874611.2
6.66666666666667	19394205004595.2
6.83333333333333	19064280737382.4
7	19514504249344
7.33333333333333	14491178225481.3
7.66666666666667	11117100640875.9
8	9573185455648.4
8.33333333333333	9096766318182.4
8.66666666666667	9258666138009.6
9	7754558250410.64
9.33333333333333	6908439632987.47
9.66666666666667	6367381051350.19
10	6238871764330.96
10.3333333333333	5520486721574.66
10.6666666666667	4593721488179.2
11	5043070880972.8
11.3333333333333	4645522505728
11.6666666666667	4290332616294.4
12	3880930299084.8
12.3333333333333	3608767076761.6
12.6666666666667	3367867331379.2
13	3240294324633.6
13.5	3087778421145.6
14	2902980427776
14.5	2560701261414.4
15	2519945497804.8
15.5	2430844639641.6
16	2304422300876.8
16.5	2053853229875.2
17	1967547167539.2
17.5	1915115012096
18	1818856770764.8
18.5	1769662434508.8
19	1738382429388.8
20	1564322299904
21	1425552133324.8
22	1357058251161.6
23	1232219039334.4
24	1015099850752
25	881846006579.2
26	826393198592
27	730533678284.8
28	622363049984
29	529270255432.564
30	449613388423.392
31	392470806524.283
32	359282974520.278
33	303142474315.054
34	228717220659.2
35	218639035596.8
36	173626533497.048
37	165559816927.511
38	163324655111.443
39	125712447078.4
40	114701439684.584
41.9590770570309	91036316650.3995
43	77335059695.1998
45	63070839151.4739
47	53578476044.1993
49	42814192679.9035
51	38664629353.9029
53	29662086069.2804
55	21846404318.0184
57	20690320406.6708
59	19237693690.6853
61	18455262150.6512
63	17704653506.0579
65	16984573462.6159
68	16984573462.6159
70	17221285781.496
75	17951401509.2159
80	16069816919.8043
